Date,tn,tx,td,rh,ff,sr,tn_QC,tx_QC,td_QC,rh_QC,ff_QC,sr_QC
2016-06-06,22.78,22.78,,,,0.0,1,1,0,0,0,1
2016-06-07,,,,,,0.0,0,0,0,0,0,1
2016-06-08,31.67,31.67,,,,0.0,1,1,0,0,0,1
2016-06-09,32.78,32.78,,,,0.0,1,1,0,0,0,1
2016-06-10,,,,,,0.0,0,0,0,0,0,1
2016-06-11,,,,,,0.0,0,0,0,0,0,1
2016-06-12,,,,,,0.0,0,0,0,0,0,1
2016-06-13,25.0,25.0,,,,0.0,1,1,0,0,0,1
2016-06-14,25.0,25.0,,,,0.0,1,1,0,0,0,1
2016-06-15,21.11,21.11,,,,0.0,1,1,0,0,0,1
2016-06-16,28.33,28.33,,,,0.0,1,1,0,0,0,1
2016-06-17,25.0,25.0,,,,0.0,1,1,0,0,0,1
2016-06-18,,,,,,0.0,0,0,0,0,0,1
2016-06-19,,,,,,0.0,0,0,0,0,0,1
2016-06-20,26.67,26.67,,,,0.0,1,1,0,0,0,1
2016-06-21,30.0,30.0,,,,0.0,1,1,0,0,0,1
2016-06-22,,,,,,0.0,0,0,0,0,0,1
2016-06-23,28.89,28.89,,,,0.0,1,1,0,0,0,1
2016-06-24,29.44,29.44,,,,0.0,1,1,0,0,0,1
2016-06-25,,,,,,0.0,0,0,0,0,0,1
2016-06-26,,,,,,0.0,0,0,0,0,0,1
2016-06-27,24.44,24.44,,,,0.0,1,1,0,0,0,1
2016-06-28,27.78,27.78,,,,0.0,1,1,0,0,0,1
2016-06-29,27.22,27.22,,,,0.0,1,1,0,0,0,1
2016-06-30,24.44,24.44,,,,0.0,1,1,0,0,0,1
2016-07-01,,,,,,0.0,0,0,0,0,0,1
2016-07-02,,,,,,0.0,0,0,0,0,0,1
2016-07-03,,,,,,0.0,0,0,0,0,0,1
2016-07-04,,,,,,0.0,0,0,0,0,0,1
2016-07-05,24.44,24.44,,,,0.0,1,1,0,0,0,1
2016-07-06,15.56,15.56,,,,0.0,1,1,0,0,0,1
2016-07-07,21.67,21.67,,,,0.0,1,1,0,0,0,1
2016-07-08,28.33,28.33,,,,0.0,1,1,0,0,0,1
2016-07-09,,,,,,0.0,0,0,0,0,0,1
2016-07-10,,,,,,0.0,0,0,0,0,0,1
2016-07-11,16.11,16.11,,,,0.0,1,1,0,0,0,1
2016-07-12,22.78,22.78,,,,0.0,1,1,0,0,0,1
2016-07-13,22.78,22.78,,,,0.0,1,1,0,0,0,1
2016-07-14,18.89,18.89,,,,0.0,1,1,0,0,0,1
2016-07-15,23.89,23.89,,,,0.0,1,1,0,0,0,1
2016-07-16,,,,,,0.0,0,0,0,0,0,1
2016-07-17,,,,,,0.0,0,0,0,0,0,1
2016-07-18,30.56,30.56,,,,0.0,1,1,0,0,0,1
2016-07-19,35.56,35.56,,,,0.0,1,1,0,0,0,1
2016-07-20,34.44,34.44,,,,0.0,1,1,0,0,0,1
2016-07-21,33.33,33.33,,,,0.0,1,1,0,0,0,1
2016-07-22,,,,,,0.0,0,0,0,0,0,1
2016-07-23,,,,,,0.0,0,0,0,0,0,1
2016-07-24,,,,,,0.0,0,0,0,0,0,1
2016-07-25,31.67,31.67,,,,0.0,1,1,0,0,0,1
2016-07-26,25.56,25.56,,,,0.0,1,1,0,0,0,1
2016-07-27,20.0,20.0,,,,0.0,1,1,0,0,0,1
2016-07-28,23.89,23.89,,,,0.0,1,1,0,0,0,1
2016-07-29,24.44,24.44,,,,0.0,1,1,0,0,0,1
2016-07-30,,,,,,0.0,0,0,0,0,0,1
2016-07-31,,,,,,0.0,0,0,0,0,0,1
2016-08-01,27.78,27.78,,,,0.0,1,1,0,0,0,1
2016-08-02,31.11,31.11,,,,0.0,1,1,0,0,0,1
2016-08-03,28.89,28.89,,,,0.0,1,1,0,0,0,1
2016-08-04,25.0,25.0,,,,0.0,1,1,0,0,0,1
2016-08-05,28.89,28.89,,,,0.0,1,1,0,0,0,1
2016-08-06,,,,,,0.0,0,0,0,0,0,1
2016-08-07,,,,,,0.0,0,0,0,0,0,1
2016-08-08,,,,,,0.0,0,0,0,0,0,1
2016-08-09,22.78,22.78,,,,0.0,1,1,0,0,0,1
2016-08-10,23.89,23.89,,,,0.0,1,1,0,0,0,1
2016-08-11,27.78,27.78,,,,0.0,1,1,0,0,0,1
2016-08-12,,,,,,0.0,0,0,0,0,0,1
2016-08-13,,,,,,0.0,0,0,0,0,0,1
2016-08-14,,,,,,0.0,0,0,0,0,0,1
2016-08-15,,,,,,0.0,0,0,0,0,0,1
2016-08-16,,,,,,0.0,0,0,0,0,0,1
2016-08-17,,,,,,0.0,0,0,0,0,0,1
2016-08-18,,,,,,0.0,0,0,0,0,0,1
2016-08-19,,,,,,0.0,0,0,0,0,0,1
2016-08-20,,,,,,0.0,0,0,0,0,0,1
2016-08-21,,,,,,0.0,0,0,0,0,0,1
2016-08-22,,,,,,0.0,0,0,0,0,0,1
2016-08-23,,,,,,0.0,0,0,0,0,0,1
2016-08-24,,,,,,0.0,0,0,0,0,0,1
2016-08-25,,,,,,0.0,0,0,0,0,0,1
2016-08-26,,,,,,0.0,0,0,0,0,0,1
2016-08-27,,,,,,0.0,0,0,0,0,0,1
2016-08-28,,,,,,0.0,0,0,0,0,0,1
2016-08-29,,,,,,0.0,0,0,0,0,0,1
2016-08-30,,,,,,0.0,0,0,0,0,0,1
2016-08-31,,,,,,0.0,0,0,0,0,0,1
2016-09-01,,,,,,0.0,0,0,0,0,0,1
2016-09-02,32.22,32.22,,,,0.0,1,1,0,0,0,1
2016-09-03,,,,,,0.0,0,0,0,0,0,1
2016-09-04,,,,,,0.0,0,0,0,0,0,1
2016-09-05,,,,,,0.0,0,0,0,0,0,1
2016-09-06,20.56,20.56,,,,0.0,1,1,0,0,0,1
2016-09-07,,,,,,0.0,0,0,0,0,0,1
2016-09-08,,,,,,0.0,0,0,0,0,0,1
2016-09-09,,,,,,0.0,0,0,0,0,0,1
2016-09-10,,,,,,0.0,0,0,0,0,0,1
2016-09-11,,,,,,0.0,0,0,0,0,0,1
2016-09-12,,,,,,0.0,0,0,0,0,0,1
2016-09-13,,,,,,0.0,0,0,0,0,0,1
2016-09-14,,,,,,0.0,0,0,0,0,0,1
2016-09-15,,,,,,0.0,0,0,0,0,0,1
2016-09-16,,,,,,0.0,0,0,0,0,0,1
2016-09-17,,,,,,0.0,0,0,0,0,0,1
2016-09-18,,,,,,0.0,0,0,0,0,0,1
2016-09-19,,,,,,0.0,0,0,0,0,0,1
2016-09-20,,,,,,0.0,0,0,0,0,0,1
2016-09-21,,,,,,0.0,0,0,0,0,0,1
2016-09-22,,,,,,0.0,0,0,0,0,0,1
2016-09-23,,,,,,0.0,0,0,0,0,0,1
2016-09-24,,,,,,0.0,0,0,0,0,0,1
2016-09-25,,,,,,0.0,0,0,0,0,0,1
2016-09-26,,,,,,0.0,0,0,0,0,0,1
2016-09-27,,,,,,0.0,0,0,0,0,0,1
2016-09-28,,,,,,0.0,0,0,0,0,0,1
2016-09-29,,,,,,0.0,0,0,0,0,0,1
2016-09-30,,,,,,0.0,0,0,0,0,0,1
2016-10-01,,,,,,0.0,0,0,0,0,0,1
2016-10-02,,,,,,0.0,0,0,0,0,0,1
2016-10-03,17.78,17.78,,,,0.0,1,1,0,0,0,1
2016-10-04,8.89,8.89,,,,0.0,1,1,0,0,0,1
2016-10-05,3.33,3.33,,,,0.0,1,1,0,0,0,1
2016-10-06,,,,,,0.0,0,0,0,0,0,1
2016-10-07,,,,,,0.0,0,0,0,0,0,1
2016-10-08,,,,,,0.0,0,0,0,0,0,1
2016-10-09,,,,,,0.0,0,0,0,0,0,1
2016-10-10,,,,,,0.0,0,0,0,0,0,1
2016-10-11,,,,,,0.0,0,0,0,0,0,1
2016-10-12,,,,,,0.0,0,0,0,0,0,1
2016-10-13,16.67,16.67,,,,0.0,1,1,0,0,0,1
2016-10-14,,,,,,0.0,0,0,0,0,0,1
2016-10-15,,,,,,0.0,0,0,0,0,0,1
2016-10-16,,,,,,0.0,0,0,0,0,0,1
2016-10-17,10.0,10.0,,,,0.0,1,1,0,0,0,1
2016-10-18,7.22,7.22,,,,0.0,1,1,0,0,0,1
2016-10-19,5.56,5.56,,,,0.0,1,1,0,0,0,1
2016-10-20,13.89,13.89,,,,0.0,1,1,0,0,0,1
2016-10-21,17.78,17.78,,,,0.0,1,1,0,0,0,1
2016-10-22,,,,,,0.0,0,0,0,0,0,1
2016-10-23,,,,,,0.0,0,0,0,0,0,1
2016-10-24,11.67,11.67,,,,0.0,1,1,0,0,0,1
2016-10-25,11.11,11.11,,,,0.0,1,1,0,0,0,1
2016-10-26,,,,,,0.0,0,0,0,0,0,1
2016-10-27,16.11,16.11,,,,0.0,1,1,0,0,0,1
2016-10-28,4.44,4.44,,,,0.0,1,1,0,0,0,1
2016-10-29,,,,,,0.0,0,0,0,0,0,1
2016-10-30,,,,,,0.0,0,0,0,0,0,1
2016-10-31,4.44,4.44,,,,0.0,1,1,0,0,0,1
2016-11-01,,,,,,0.0,0,0,0,0,0,1
2016-11-02,,,,,,0.0,0,0,0,0,0,1
2016-11-03,16.11,16.11,,,,0.0,1,1,0,0,0,1
2016-11-04,13.33,13.33,,,,0.0,1,1,0,0,0,1
2016-11-05,,,,,,0.0,0,0,0,0,0,1
2016-11-06,,,,,,0.0,0,0,0,0,0,1
2016-11-07,9.44,9.44,,,,0.0,1,1,0,0,0,1
2016-11-08,,,,,,0.0,0,0,0,0,0,1
2016-11-09,14.44,14.44,,,,0.0,1,1,0,0,0,1
2016-11-10,9.44,9.44,,,,0.0,1,1,0,0,0,1
2016-11-11,,,,,,0.0,0,0,0,0,0,1
2016-11-12,,,,,,0.0,0,0,0,0,0,1
2016-11-13,,,,,,0.0,0,0,0,0,0,1
2016-11-14,8.33,8.33,,,,0.0,1,1,0,0,0,1
2016-11-15,7.22,7.22,,,,0.0,1,1,0,0,0,1
2016-11-16,5.56,5.56,,,,0.0,1,1,0,0,0,1
2016-11-17,-2.22,-2.22,,,,0.0,1,1,0,0,0,1
2016-11-18,-1.11,-1.11,,,,0.0,1,1,0,0,0,1
2016-11-19,,,,,,0.0,0,0,0,0,0,1
2016-11-20,,,,,,0.0,0,0,0,0,0,1
2016-11-21,5.56,5.56,,,,0.0,1,1,0,0,0,1
2016-11-22,1.11,1.11,,,,0.0,1,1,0,0,0,1
2016-11-23,,,,,,0.0,0,0,0,0,0,1
2016-11-24,,,,,,0.0,0,0,0,0,0,1
2016-11-25,,,,,,0.0,0,0,0,0,0,1
2016-11-26,,,,,,0.0,0,0,0,0,0,1
2016-11-27,,,,,,0.0,0,0,0,0,0,1
2016-11-28,-3.33,-3.33,,,,0.0,1,1,0,0,0,1
2016-11-29,-2.78,-2.78,,,,0.0,1,1,0,0,0,1
2016-11-30,-3.33,-3.33,,,,0.0,1,1,0,0,0,1
2016-12-01,-3.33,-3.33,,,,0.0,1,1,0,0,0,1
2016-12-02,-1.67,-1.67,,,,0.0,1,1,0,0,0,1
2016-12-03,,,,,,0.0,0,0,0,0,0,1
2016-12-04,,,,,,0.0,0,0,0,0,0,1
2016-12-05,,,,,,0.0,0,0,0,0,0,1
2016-12-06,-15.56,-15.56,,,,0.0,1,1,0,0,0,1
2016-12-07,-17.78,-17.78,,,,0.0,1,1,0,0,0,1
2016-12-08,-18.33,-18.33,,,,0.0,1,1,0,0,0,1
2016-12-09,-20.0,-20.0,,,,0.0,1,1,0,0,0,1
2016-12-10,,,,,,0.0,0,0,0,0,0,1
2016-12-11,,,,,,0.0,0,0,0,0,0,1
2016-12-12,-16.67,-16.67,,,,0.0,1,1,0,0,0,1
2016-12-13,-12.22,-12.22,,,,0.0,1,1,0,0,0,1
2016-12-14,-16.67,-16.67,,,,0.0,1,1,0,0,0,1
2016-12-15,-15.0,-15.0,,,,0.0,1,1,0,0,0,1
2016-12-16,-18.89,-18.89,,,,0.0,1,1,0,0,0,1
2016-12-17,,,,,,0.0,0,0,0,0,0,1
2016-12-18,,,,,,0.0,0,0,0,0,0,1
2016-12-19,-1.11,-1.11,,,,0.0,1,1,0,0,0,1
2016-12-20,-3.33,-3.33,,,,0.0,1,1,0,0,0,1
2016-12-21,-2.78,-2.78,,,,0.0,1,1,0,0,0,1
2016-12-22,-4.44,-4.44,,,,0.0,1,1,0,0,0,1
2016-12-23,,,,,,0.0,0,0,0,0,0,1
2016-12-24,,,,,,0.0,0,0,0,0,0,1
2016-12-25,,,,,,0.0,0,0,0,0,0,1
2016-12-26,,,,,,0.0,0,0,0,0,0,1
2016-12-27,-6.67,-6.67,,,,0.0,1,1,0,0,0,1
2016-12-28,-11.67,-11.67,,,,0.0,1,1,0,0,0,1
2016-12-29,-3.89,-3.89,,,,0.0,1,1,0,0,0,1
2016-12-30,,,,,,0.0,0,0,0,0,0,1
2016-12-31,,,,,,0.0,0,0,0,0,0,1
2017-01-01,,,,,,0.0,0,0,0,0,0,1
2017-01-02,,,,,,0.0,0,0,0,0,0,1
2017-01-03,-21.67,-21.67,,,,0.0,1,1,0,0,0,1
2017-01-04,-18.33,-18.33,,,,0.0,1,1,0,0,0,1
2017-01-05,-16.67,-16.67,,,,0.0,1,1,0,0,0,1
2017-01-06,-20.56,-20.56,,,,0.0,1,1,0,0,0,1
2017-01-07,,,,,,0.0,0,0,0,0,0,1
2017-01-08,,,,,,0.0,0,0,0,0,0,1
2017-01-09,-10.56,-10.56,,,,0.0,1,1,0,0,0,1
2017-01-10,-17.78,-17.78,,,,0.0,1,1,0,0,0,1
2017-01-11,-21.11,-21.11,,,,0.0,1,1,0,0,0,1
2017-01-12,-22.78,-22.78,,,,0.0,1,1,0,0,0,1
2017-01-13,-23.33,-23.33,,,,0.0,1,1,0,0,0,1
2017-01-14,,,,,,0.0,0,0,0,0,0,1
2017-01-15,,,,,,0.0,0,0,0,0,0,1
2017-01-16,,,,,,0.0,0,0,0,0,0,1
2017-01-17,-1.11,-1.11,,,,0.0,1,1,0,0,0,1
2017-01-18,,,,,,0.0,0,0,0,0,0,1
2017-01-19,-2.22,-2.22,,,,0.0,1,1,0,0,0,1
2017-01-20,1.11,1.11,,,,0.0,1,1,0,0,0,1
2017-01-21,,,,,,0.0,0,0,0,0,0,1
2017-01-22,,,,,,0.0,0,0,0,0,0,1
2017-01-23,-7.22,-7.22,,,,0.0,1,1,0,0,0,1
2017-01-24,-9.44,-9.44,,,,0.0,1,1,0,0,0,1
2017-01-25,-11.67,-11.67,,,,0.0,1,1,0,0,0,1
2017-01-26,,,,,,0.0,0,0,0,0,0,1
2017-01-27,,,,,,0.0,0,0,0,0,0,1
2017-01-28,,,,,,0.0,0,0,0,0,0,1
2017-01-29,,,,,,0.0,0,0,0,0,0,1
2017-01-30,,,,,,0.0,0,0,0,0,0,1
2017-01-31,,,,,,0.0,0,0,0,0,0,1
2017-02-01,-10.0,-10.0,,,,0.0,1,1,0,0,0,1
2017-02-02,-10.0,-10.0,,,,0.0,1,1,0,0,0,1
2017-02-03,-8.33,-8.33,,,,0.0,1,1,0,0,0,1
2017-02-04,,,,,,0.0,0,0,0,0,0,1
2017-02-05,,,,,,0.0,0,0,0,0,0,1
2017-02-06,-13.33,-13.33,,,,0.0,1,1,0,0,0,1
2017-02-07,-18.89,-18.89,,,,0.0,1,1,0,0,0,1
2017-02-08,-16.67,-16.67,,,,0.0,1,1,0,0,0,1
2017-02-09,-1.11,-1.11,,,,0.0,1,1,0,0,0,1
2017-02-10,5.56,5.56,,,,0.0,1,1,0,0,0,1
2017-02-11,,,,,,0.0,0,0,0,0,0,1
2017-02-12,,,,,,0.0,0,0,0,0,0,1
2017-02-13,-0.56,-0.56,,,,0.0,1,1,0,0,0,1
2017-02-14,6.67,6.67,,,,0.0,1,1,0,0,0,1
2017-02-15,5.56,5.56,,,,0.0,1,1,0,0,0,1
2017-02-16,,,,,,0.0,0,0,0,0,0,1
2017-02-17,,,,,,0.0,0,0,0,0,0,1
2017-02-18,,,,,,0.0,0,0,0,0,0,1
2017-02-19,,,,,,0.0,0,0,0,0,0,1
2017-02-20,,,,,,0.0,0,0,0,0,0,1
2017-02-21,2.22,2.22,,,,0.0,1,1,0,0,0,1
2017-02-22,-3.89,-3.89,,,,0.0,1,1,0,0,0,1
2017-02-23,-5.56,-5.56,,,,0.0,1,1,0,0,0,1
2017-02-24,-5.56,-5.56,,,,0.0,1,1,0,0,0,1
2017-02-25,,,,,,0.0,0,0,0,0,0,1
2017-02-26,,,,,,0.0,0,0,0,0,0,1
2017-02-27,,,,,,0.0,0,0,0,0,0,1
2017-02-28,-3.89,-3.89,,,,0.0,1,1,0,0,0,1
2017-03-01,-6.67,-6.67,,,,0.0,1,1,0,0,0,1
2017-03-02,-7.78,-7.78,,,,0.0,1,1,0,0,0,1
2017-03-03,4.44,4.44,,,,0.0,1,1,0,0,0,1
2017-03-04,,,,,,0.0,0,0,0,0,0,1
2017-03-05,,,,,,0.0,0,0,0,0,0,1
2017-03-06,-8.33,-8.33,,,,0.0,1,1,0,0,0,1
2017-03-07,-5.56,-5.56,,,,0.0,1,1,0,0,0,1
2017-03-08,-9.44,-9.44,,,,0.0,1,1,0,0,0,1
2017-03-09,,,,,,0.0,0,0,0,0,0,1
2017-03-10,-11.11,-11.11,,,,0.0,1,1,0,0,0,1
2017-03-11,,,,,,0.0,0,0,0,0,0,1
2017-03-12,,,,,,0.0,0,0,0,0,0,1
2017-03-13,-9.44,-9.44,,,,0.0,1,1,0,0,0,1
2017-03-14,0.56,0.56,,,,0.0,1,1,0,0,0,1
2017-03-15,3.33,3.33,,,,0.0,1,1,0,0,0,1
2017-03-16,7.22,7.22,,,,0.0,1,1,0,0,0,1
2017-03-17,6.67,6.67,,,,0.0,1,1,0,0,0,1
2017-03-18,,,,,,0.0,0,0,0,0,0,1
2017-03-19,,,,,,0.0,0,0,0,0,0,1
2017-03-20,3.89,3.89,,,,0.0,1,1,0,0,0,1
2017-03-21,-0.56,-0.56,,,,0.0,1,1,0,0,0,1
2017-03-22,6.11,6.11,,,,0.0,1,1,0,0,0,1
2017-03-23,7.22,7.22,,,,0.0,1,1,0,0,0,1
2017-03-24,10.0,10.0,,,,0.0,1,1,0,0,0,1
2017-03-25,,,,,,0.0,0,0,0,0,0,1
2017-03-26,,,,,,0.0,0,0,0,0,0,1
2017-03-27,6.11,6.11,,,,0.0,1,1,0,0,0,1
2017-03-28,2.78,2.78,,,,0.0,1,1,0,0,0,1
2017-03-29,16.67,16.67,,,,0.0,1,1,0,0,0,1
2017-03-30,10.56,10.56,,,,0.0,1,1,0,0,0,1
2017-03-31,,,,,,0.0,0,0,0,0,0,1
2017-04-01,,,,,,0.0,0,0,0,0,0,1
2017-04-02,,,,,,0.0,0,0,0,0,0,1
2017-04-03,,,,,,0.0,0,0,0,0,0,1
2017-04-04,1.11,1.11,,,,0.0,1,1,0,0,0,1
2017-04-05,13.33,13.33,,,,0.0,1,1,0,0,0,1
2017-04-06,18.89,18.89,,,,0.0,1,1,0,0,0,1
2017-04-07,25.0,25.0,,,,0.0,1,1,0,0,0,1
2017-04-08,,,,,,0.0,0,0,0,0,0,1
2017-04-09,,,,,,0.0,0,0,0,0,0,1
2017-04-10,3.89,3.89,,,,0.0,1,1,0,0,0,1
2017-04-11,11.67,11.67,,,,0.0,1,1,0,0,0,1
2017-04-12,16.11,16.11,,,,0.0,1,1,0,0,0,1
2017-04-13,12.78,12.78,,,,0.0,1,1,0,0,0,1
2017-04-14,,,,,,0.0,0,0,0,0,0,1
2017-04-15,,,,,,0.0,0,0,0,0,0,1
2017-04-16,,,,,,0.0,0,0,0,0,0,1
2017-04-17,4.44,4.44,,,,0.0,1,1,0,0,0,1
2017-04-18,7.22,7.22,,,,0.0,1,1,0,0,0,1
2017-04-19,4.44,4.44,,,,0.0,1,1,0,0,0,1
2017-04-20,6.11,6.11,,,,0.0,1,1,0,0,0,1
2017-04-21,17.78,17.78,,,,0.0,1,1,0,0,0,1
2017-04-22,,,,,,0.0,0,0,0,0,0,1
2017-04-23,,,,,,0.0,0,0,0,0,0,1
2017-04-24,-1.67,-1.67,,,,0.0,1,1,0,0,0,1
2017-04-25,,,,,,0.0,0,0,0,0,0,1
2017-04-26,4.44,4.44,,,,0.0,1,1,0,0,0,1
2017-04-27,5.0,5.0,,,,0.0,1,1,0,0,0,1
2017-04-28,6.11,6.11,,,,0.0,1,1,0,0,0,1
2017-04-29,,,,,,0.0,0,0,0,0,0,1
2017-04-30,,,,,,0.0,0,0,0,0,0,1
2017-05-01,6.11,6.11,,,,0.0,1,1,0,0,0,1
2017-05-02,8.33,8.33,,,,0.0,1,1,0,0,0,1
2017-05-03,8.89,8.89,,,,0.0,1,1,0,0,0,1
2017-05-04,15.0,15.0,,,,0.0,1,1,0,0,0,1
2017-05-05,,,,,,0.0,0,0,0,0,0,1
2017-05-06,,,,,,0.0,0,0,0,0,0,1
2017-05-07,,,,,,0.0,0,0,0,0,0,1
2017-05-08,8.89,8.89,,,,0.0,1,1,0,0,0,1
2017-05-09,,,,,,0.0,0,0,0,0,0,1
2017-05-10,12.22,12.22,,,,0.0,1,1,0,0,0,1
2017-05-11,13.89,13.89,,,,0.0,1,1,0,0,0,1
2017-05-12,17.22,17.22,,,,0.0,1,1,0,0,0,1
2017-05-13,,,,,,0.0,0,0,0,0,0,1
2017-05-14,,,,,,0.0,0,0,0,0,0,1
2017-05-15,18.33,18.33,,,,0.0,1,1,0,0,0,1
2017-05-16,12.22,12.22,,,,0.0,1,1,0,0,0,1
2017-05-17,9.44,9.44,,,,0.0,1,1,0,0,0,1
2017-05-18,8.33,8.33,,,,0.0,1,1,0,0,0,1
2017-05-19,9.44,9.44,,,,0.0,1,1,0,0,0,1
2017-05-20,,,,,,0.0,0,0,0,0,0,1
2017-05-21,,,,,,0.0,0,0,0,0,0,1
2017-05-22,10.56,10.56,,,,0.0,1,1,0,0,0,1
2017-05-23,22.22,22.22,,,,0.0,1,1,0,0,0,1
2017-05-24,14.44,14.44,,,,0.0,1,1,0,0,0,1
2017-05-25,8.89,8.89,,,,0.0,1,1,0,0,0,1
2017-05-26,12.78,12.78,,,,0.0,1,1,0,0,0,1
2017-05-27,,,,,,0.0,0,0,0,0,0,1
2017-05-28,,,,,,0.0,0,0,0,0,0,1
2017-05-29,,,,,,0.0,0,0,0,0,0,1
2017-05-30,12.22,12.22,,,,0.0,1,1,0,0,0,1
2017-05-31,15.0,15.0,,,,0.0,1,1,0,0,0,1
2017-06-01,,,,,,0.0,0,0,0,0,0,1
2017-06-02,13.33,13.33,,,,0.0,1,1,0,0,0,1
2017-06-03,,,,,,0.0,0,0,0,0,0,1
2017-06-04,,,,,,0.0,0,0,0,0,0,1
2017-06-05,,,,,,0.0,0,0,0,0,0,1
2017-06-06,,,,,,0.0,0,0,0,0,0,1
2017-06-07,,,,,,0.0,0,0,0,0,0,1
2017-06-08,,,,,,0.0,0,0,0,0,0,1
2017-06-09,,,,,,0.0,0,0,0,0,0,1
2017-06-10,,,,,,0.0,0,0,0,0,0,1
2017-06-11,,,,,,0.0,0,0,0,0,0,1
2017-06-12,,,,,,0.0,0,0,0,0,0,1
2017-06-13,,,,,,0.0,0,0,0,0,0,1
2017-06-14,,,,,,0.0,0,0,0,0,0,1
2017-06-15,,,,,,0.0,0,0,0,0,0,1
2017-06-16,,,,,,0.0,0,0,0,0,0,1
2017-06-17,,,,,,0.0,0,0,0,0,0,1
2017-06-18,,,,,,0.0,0,0,0,0,0,1
2017-06-19,,,,,,0.0,0,0,0,0,0,1
2017-06-20,,,,,,0.0,0,0,0,0,0,1
2017-06-21,,,,,,0.0,0,0,0,0,0,1
2017-06-22,,,,,,0.0,0,0,0,0,0,1
2017-06-23,,,,,,0.0,0,0,0,0,0,1
2017-06-24,,,,,,0.0,0,0,0,0,0,1
2017-06-25,,,,,,0.0,0,0,0,0,0,1
2017-06-26,,,,,,0.0,0,0,0,0,0,1
2017-06-27,,,,,,0.0,0,0,0,0,0,1
2017-06-28,,,,,,0.0,0,0,0,0,0,1
2017-06-29,,,,,,0.0,0,0,0,0,0,1
2017-06-30,,,,,,0.0,0,0,0,0,0,1
2017-07-01,,,,,,0.0,0,0,0,0,0,1
2017-07-02,,,,,,0.0,0,0,0,0,0,1
2017-07-03,,,,,,0.0,0,0,0,0,0,1
2017-07-04,,,,,,0.0,0,0,0,0,0,1
2017-07-05,37.22,37.22,,,,0.0,1,1,0,0,0,1
2017-07-06,31.11,31.11,,,,0.0,1,1,0,0,0,1
2017-07-07,31.67,31.67,,,,0.0,1,1,0,0,0,1
2017-07-08,,,,,,0.0,0,0,0,0,0,1
2017-07-09,,,,,,0.0,0,0,0,0,0,1
2017-07-10,37.22,37.22,,,,0.0,1,1,0,0,0,1
2017-07-11,28.89,28.89,,,,0.0,1,1,0,0,0,1
2017-07-12,23.89,23.89,,,,0.0,1,1,0,0,0,1
2017-07-13,,,,,,0.0,0,0,0,0,0,1
2017-07-14,38.33,38.33,,,,0.0,1,1,0,0,0,1
2017-07-15,,,,,,0.0,0,0,0,0,0,1
2017-07-16,,,,,,0.0,0,0,0,0,0,1
2017-07-17,,,,,,0.0,0,0,0,0,0,1
2017-07-18,,,,,,0.0,0,0,0,0,0,1
2017-07-19,,,,,,0.0,0,0,0,0,0,1
2017-07-20,,,,,,0.0,0,0,0,0,0,1
2017-07-21,33.33,33.33,,,,0.0,1,1,0,0,0,1
2017-07-22,,,,,,0.0,0,0,0,0,0,1
2017-07-23,,,,,,0.0,0,0,0,0,0,1
2017-07-24,33.89,33.89,,,,0.0,1,1,0,0,0,1
2017-07-25,30.0,30.0,,,,0.0,1,1,0,0,0,1
2017-07-26,32.22,32.22,,,,0.0,1,1,0,0,0,1
2017-07-27,22.22,22.22,,,,0.0,1,1,0,0,0,1
2017-07-28,33.33,33.33,,,,0.0,1,1,0,0,0,1
2017-07-29,,,,,,0.0,0,0,0,0,0,1
2017-07-30,,,,,,0.0,0,0,0,0,0,1
2017-07-31,33.33,33.33,,,,0.0,1,1,0,0,0,1
2017-08-01,27.78,27.78,,,,0.0,1,1,0,0,0,1
2017-08-02,20.56,20.56,,,,0.0,1,1,0,0,0,1
2017-08-03,,,,,,0.0,0,0,0,0,0,1
2017-08-04,,,,,,0.0,0,0,0,0,0,1
2017-08-05,,,,,,0.0,0,0,0,0,0,1
2017-08-06,,,,,,0.0,0,0,0,0,0,1
2017-08-07,27.22,27.22,,,,0.0,1,1,0,0,0,1
2017-08-08,29.44,29.44,,,,0.0,1,1,0,0,0,1
2017-08-09,,,,,,0.0,0,0,0,0,0,1
2017-08-10,24.44,24.44,,,,0.0,1,1,0,0,0,1
2017-08-11,,,,,,0.0,0,0,0,0,0,1
2017-08-12,,,,,,0.0,0,0,0,0,0,1
2017-08-13,,,,,,0.0,0,0,0,0,0,1
2017-08-14,22.78,22.78,,,,0.0,1,1,0,0,0,1
2017-08-15,23.89,23.89,,,,0.0,1,1,0,0,0,1
2017-08-16,29.44,29.44,,,,0.0,1,1,0,0,0,1
2017-08-17,30.0,30.0,,,,0.0,1,1,0,0,0,1
2017-08-18,,,,,,0.0,0,0,0,0,0,1
2017-08-19,,,,,,0.0,0,0,0,0,0,1
2017-08-20,,,,,,0.0,0,0,0,0,0,1
2017-08-21,,,,,,0.0,0,0,0,0,0,1
2017-08-22,26.67,26.67,,,,0.0,1,1,0,0,0,1
2017-08-23,32.78,32.78,,,,0.0,1,1,0,0,0,1
2017-08-24,34.44,34.44,,,,0.0,1,1,0,0,0,1
2017-08-25,24.44,24.44,,,,0.0,1,1,0,0,0,1
2017-08-26,,,,,,0.0,0,0,0,0,0,1
2017-08-27,,,,,,0.0,0,0,0,0,0,1
2017-08-28,33.89,33.89,,,,0.0,1,1,0,0,0,1
2017-08-29,33.33,33.33,,,,0.0,1,1,0,0,0,1
2017-08-30,31.11,31.11,,,,0.0,1,1,0,0,0,1
2017-08-31,31.67,31.67,,,,0.0,1,1,0,0,0,1
2017-09-01,,,,,,0.0,0,0,0,0,0,1
2017-09-02,,,,,,0.0,0,0,0,0,0,1
2017-09-03,,,,,,0.0,0,0,0,0,0,1
2017-09-04,,,,,,0.0,0,0,0,0,0,1
2017-09-05,22.22,22.22,,,,0.0,1,1,0,0,0,1
2017-09-06,26.67,26.67,,,,0.0,1,1,0,0,0,1
2017-09-07,29.44,29.44,,,,0.0,1,1,0,0,0,1
2017-09-08,32.22,32.22,,,,0.0,1,1,0,0,0,1
2017-09-09,,,,,,0.0,0,0,0,0,0,1
2017-09-10,,,,,,0.0,0,0,0,0,0,1
2017-09-11,31.67,31.67,,,,0.0,1,1,0,0,0,1
2017-09-12,29.44,29.44,,,,0.0,1,1,0,0,0,1
2017-09-13,21.67,21.67,,,,0.0,1,1,0,0,0,1
2017-09-14,12.78,12.78,,,,0.0,1,1,0,0,0,1
2017-09-15,,,,,,0.0,0,0,0,0,0,1
2017-09-16,,,,,,0.0,0,0,0,0,0,1
2017-09-17,,,,,,0.0,0,0,0,0,0,1
2017-09-18,23.33,23.33,,,,0.0,1,1,0,0,0,1
2017-09-19,16.11,16.11,,,,0.0,1,1,0,0,0,1
2017-09-20,20.0,20.0,,,,0.0,1,1,0,0,0,1
2017-09-21,,,,,,0.0,0,0,0,0,0,1
2017-09-22,8.33,8.33,,,,0.0,1,1,0,0,0,1
2017-09-23,,,,,,0.0,0,0,0,0,0,1
2017-09-24,,,,,,0.0,0,0,0,0,0,1
2017-09-25,8.89,8.89,,,,0.0,1,1,0,0,0,1
2017-09-26,15.56,15.56,,,,0.0,1,1,0,0,0,1
2017-09-27,,,,,,0.0,0,0,0,0,0,1
2017-09-28,,,,,,0.0,0,0,0,0,0,1
2017-09-29,,,,,,0.0,0,0,0,0,0,1
2017-09-30,,,,,,0.0,0,0,0,0,0,1
2017-10-01,,,,,,0.0,0,0,0,0,0,1
2017-10-02,11.11,11.11,,,,0.0,1,1,0,0,0,1
2017-10-03,7.22,7.22,,,,0.0,1,1,0,0,0,1
2017-10-04,12.78,12.78,,,,0.0,1,1,0,0,0,1
2017-10-05,12.78,12.78,,,,0.0,1,1,0,0,0,1
2017-10-06,19.44,19.44,,,,0.0,1,1,0,0,0,1
2017-10-07,,,,,,0.0,0,0,0,0,0,1
2017-10-08,,,,,,0.0,0,0,0,0,0,1
2017-10-09,13.33,13.33,,,,0.0,1,1,0,0,0,1
2017-10-10,18.89,18.89,,,,0.0,1,1,0,0,0,1
2017-10-11,17.78,17.78,,,,0.0,1,1,0,0,0,1
2017-10-12,,,,,,0.0,0,0,0,0,0,1
2017-10-13,8.89,8.89,,,,0.0,1,1,0,0,0,1
2017-10-14,,,,,,0.0,0,0,0,0,0,1
2017-10-15,,,,,,0.0,0,0,0,0,0,1
2017-10-16,19.44,19.44,,,,0.0,1,1,0,0,0,1
2017-10-17,25.0,25.0,,,,0.0,1,1,0,0,0,1
2017-10-18,14.44,14.44,,,,0.0,1,1,0,0,0,1
2017-10-19,25.0,25.0,,,,0.0,1,1,0,0,0,1
2017-10-20,25.56,25.56,,,,0.0,1,1,0,0,0,1
2017-10-21,,,,,,0.0,0,0,0,0,0,1
2017-10-22,,,,,,0.0,0,0,0,0,0,1
2017-10-23,13.33,13.33,,,,0.0,1,1,0,0,0,1
2017-10-24,17.22,17.22,,,,0.0,1,1,0,0,0,1
2017-10-25,23.89,23.89,,,,0.0,1,1,0,0,0,1
2017-10-26,3.33,3.33,,,,0.0,1,1,0,0,0,1
2017-10-27,8.33,8.33,,,,0.0,1,1,0,0,0,1
2017-10-28,,,,,,0.0,0,0,0,0,0,1
2017-10-29,,,,,,0.0,0,0,0,0,0,1
2017-10-30,-1.11,-1.11,,,,0.0,1,1,0,0,0,1
2017-10-31,3.33,3.33,,,,0.0,1,1,0,0,0,1
2017-11-01,4.44,4.44,,,,0.0,1,1,0,0,0,1
2017-11-02,-1.11,-1.11,,,,0.0,1,1,0,0,0,1
2017-11-03,-2.22,-2.22,,,,0.0,1,1,0,0,0,1
2017-11-04,,,,,,0.0,0,0,0,0,0,1
2017-11-05,,,,,,0.0,0,0,0,0,0,1
2017-11-06,-6.67,-6.67,,,,0.0,1,1,0,0,0,1
2017-11-07,-2.78,-2.78,,,,0.0,1,1,0,0,0,1
2017-11-08,-6.67,-6.67,,,,0.0,1,1,0,0,0,1
2017-11-09,-7.78,-7.78,,,,0.0,1,1,0,0,0,1
2017-11-10,,,,,,0.0,0,0,0,0,0,1
2017-11-11,,,,,,0.0,0,0,0,0,0,1
2017-11-12,,,,,,0.0,0,0,0,0,0,1
2017-11-13,10.0,10.0,,,,0.0,1,1,0,0,0,1
2017-11-14,6.11,6.11,,,,0.0,1,1,0,0,0,1
2017-11-15,,,,,,0.0,0,0,0,0,0,1
2017-11-16,5.0,5.0,,,,0.0,1,1,0,0,0,1
2017-11-17,2.22,2.22,,,,0.0,1,1,0,0,0,1
2017-11-18,,,,,,0.0,0,0,0,0,0,1
2017-11-19,,,,,,0.0,0,0,0,0,0,1
2017-11-20,,,,,,0.0,0,0,0,0,0,1
2017-11-21,-6.67,-6.67,,,,0.0,1,1,0,0,0,1
2017-11-22,,,,,,0.0,0,0,0,0,0,1
2017-11-23,,,,,,0.0,0,0,0,0,0,1
2017-11-24,,,,,,0.0,0,0,0,0,0,1
2017-11-25,,,,,,0.0,0,0,0,0,0,1
2017-11-26,,,,,,0.0,0,0,0,0,0,1
2017-11-27,,,,,,0.0,0,0,0,0,0,1
2017-11-28,7.22,7.22,,,,0.0,1,1,0,0,0,1
2017-11-29,5.56,5.56,,,,0.0,1,1,0,0,0,1
2017-11-30,4.44,4.44,,,,0.0,1,1,0,0,0,1
2017-12-01,7.22,7.22,,,,0.0,1,1,0,0,0,1
2017-12-02,,,,,,0.0,0,0,0,0,0,1
2017-12-03,,,,,,0.0,0,0,0,0,0,1
2017-12-04,-2.78,-2.78,,,,0.0,1,1,0,0,0,1
2017-12-05,1.67,1.67,,,,0.0,1,1,0,0,0,1
2017-12-06,-10.56,-10.56,,,,0.0,1,1,0,0,0,1
2017-12-07,0.0,0.0,,,,0.0,1,1,0,0,0,1
2017-12-08,2.22,2.22,,,,0.0,1,1,0,0,0,1
2017-12-09,,,,,,0.0,0,0,0,0,0,1
2017-12-10,,,,,,0.0,0,0,0,0,0,1
2017-12-11,2.78,2.78,,,,0.0,1,1,0,0,0,1
2017-12-12,11.11,11.11,,,,0.0,1,1,0,0,0,1
2017-12-13,2.78,2.78,,,,0.0,1,1,0,0,0,1
2017-12-14,1.67,1.67,,,,0.0,1,1,0,0,0,1
2017-12-15,,,,,,0.0,0,0,0,0,0,1
2017-12-16,,,,,,0.0,0,0,0,0,0,1
2017-12-17,,,,,,0.0,0,0,0,0,0,1
2017-12-18,1.11,1.11,,,,0.0,1,1,0,0,0,1
2017-12-19,0.0,0.0,,,,0.0,1,1,0,0,0,1
2017-12-20,-10.0,-10.0,,,,0.0,1,1,0,0,0,1
2017-12-21,,,,,,0.0,0,0,0,0,0,1
2017-12-22,,,,,,0.0,0,0,0,0,0,1
2017-12-23,,,,,,0.0,0,0,0,0,0,1
2017-12-24,,,,,,0.0,0,0,0,0,0,1
2017-12-25,,,,,,0.0,0,0,0,0,0,1
2017-12-26,,,,,,0.0,0,0,0,0,0,1
2017-12-27,-12.22,-12.22,,,,0.0,1,1,0,0,0,1
2017-12-28,-20.56,-20.56,,,,0.0,1,1,0,0,0,1
2017-12-29,,,,,,0.0,0,0,0,0,0,1
2017-12-30,,,,,,0.0,0,0,0,0,0,1
2017-12-31,,,,,,0.0,0,0,0,0,0,1
2018-01-01,,,,,,0.0,0,0,0,0,0,1
2018-01-02,-8.33,-8.33,,,,0.0,1,1,0,0,0,1
2018-01-03,-4.44,-4.44,,,,0.0,1,1,0,0,0,1
2018-01-04,-7.22,-7.22,,,,0.0,1,1,0,0,0,1
2018-01-05,-7.22,-7.22,,,,0.0,1,1,0,0,0,1
2018-01-06,,,,,,0.0,0,0,0,0,0,1
2018-01-07,,,,,,0.0,0,0,0,0,0,1
2018-01-08,-9.44,-9.44,,,,0.0,1,1,0,0,0,1
2018-01-09,1.67,1.67,,,,0.0,1,1,0,0,0,1
2018-01-10,-16.67,-16.67,,,,0.0,1,1,0,0,0,1
2018-01-11,-21.67,-21.67,,,,0.0,1,1,0,0,0,1
2018-01-12,-23.33,-23.33,,,,0.0,1,1,0,0,0,1
2018-01-13,,,,,,0.0,0,0,0,0,0,1
2018-01-14,,,,,,0.0,0,0,0,0,0,1
2018-01-15,,,,,,0.0,0,0,0,0,0,1
2018-01-16,-12.78,-12.78,,,,0.0,1,1,0,0,0,1
2018-01-17,-2.22,-2.22,,,,0.0,1,1,0,0,0,1
2018-01-18,2.78,2.78,,,,0.0,1,1,0,0,0,1
2018-01-19,3.89,3.89,,,,0.0,1,1,0,0,0,1
2018-01-20,,,,,,0.0,0,0,0,0,0,1
2018-01-21,,,,,,0.0,0,0,0,0,0,1
2018-01-22,-2.22,-2.22,,,,0.0,1,1,0,0,0,1
2018-01-23,0.0,0.0,,,,0.0,1,1,0,0,0,1
2018-01-24,-0.56,-0.56,,,,0.0,1,1,0,0,0,1
2018-01-25,0.0,0.0,,,,0.0,1,1,0,0,0,1
2018-01-26,,,,,,0.0,0,0,0,0,0,1
2018-01-27,,,,,,0.0,0,0,0,0,0,1
2018-01-28,,,,,,0.0,0,0,0,0,0,1
2018-01-29,-3.33,-3.33,,,,0.0,1,1,0,0,0,1
2018-01-30,1.67,1.67,,,,0.0,1,1,0,0,0,1
2018-01-31,,,,,,0.0,0,0,0,0,0,1
2018-02-01,,,,,,0.0,0,0,0,0,0,1
2018-02-02,-9.44,-9.44,,,,0.0,1,1,0,0,0,1
2018-02-03,,,,,,0.0,0,0,0,0,0,1
2018-02-04,,,,,,0.0,0,0,0,0,0,1
2018-02-05,-15.56,-15.56,,,,0.0,1,1,0,0,0,1
2018-02-06,-13.89,-13.89,,,,0.0,1,1,0,0,0,1
2018-02-07,-11.67,-11.67,,,,0.0,1,1,0,0,0,1
2018-02-08,-16.11,-16.11,,,,0.0,1,1,0,0,0,1
2018-02-09,-18.33,-18.33,,,,0.0,1,1,0,0,0,1
2018-02-10,,,,,,0.0,0,0,0,0,0,1
2018-02-11,,,,,,0.0,0,0,0,0,0,1
2018-02-12,-16.67,-16.67,,,,0.0,1,1,0,0,0,1
2018-02-13,-6.11,-6.11,,,,0.0,1,1,0,0,0,1
2018-02-14,2.78,2.78,,,,0.0,1,1,0,0,0,1
2018-02-15,-13.33,-13.33,,,,0.0,1,1,0,0,0,1
2018-02-16,,,,,,0.0,0,0,0,0,0,1
2018-02-17,,,,,,0.0,0,0,0,0,0,1
2018-02-18,,,,,,0.0,0,0,0,0,0,1
2018-02-19,,,,,,0.0,0,0,0,0,0,1
2018-02-20,-15.56,-15.56,,,,0.0,1,1,0,0,0,1
2018-02-21,-10.56,-10.56,,,,0.0,1,1,0,0,0,1
2018-02-22,-12.22,-12.22,,,,0.0,1,1,0,0,0,1
2018-02-23,,,,,,0.0,0,0,0,0,0,1
2018-02-24,,,,,,0.0,0,0,0,0,0,1
2018-02-25,,,,,,0.0,0,0,0,0,0,1
2018-02-26,0.0,0.0,,,,0.0,1,1,0,0,0,1
2018-02-27,-0.56,-0.56,,,,0.0,1,1,0,0,0,1
2018-02-28,0.0,0.0,,,,0.0,1,1,0,0,0,1
2018-03-01,,,,,,0.0,0,0,0,0,0,1
2018-03-02,0.56,0.56,,,,0.0,1,1,0,0,0,1
2018-03-03,,,,,,0.0,0,0,0,0,0,1
2018-03-04,,,,,,0.0,0,0,0,0,0,1
2018-03-05,,,,,,0.0,0,0,0,0,0,1
2018-03-06,-7.22,-7.22,,,,0.0,1,1,0,0,0,1
2018-03-07,-6.11,-6.11,,,,0.0,1,1,0,0,0,1
2018-03-08,-7.78,-7.78,,,,0.0,1,1,0,0,0,1
2018-03-09,3.33,3.33,,,,0.0,1,1,0,0,0,1
2018-03-10,,,,,,0.0,0,0,0,0,0,1
2018-03-11,,,,,,0.0,0,0,0,0,0,1
2018-03-12,0.56,0.56,,,,0.0,1,1,0,0,0,1
2018-03-13,4.44,4.44,,,,0.0,1,1,0,0,0,1
2018-03-14,3.33,3.33,,,,0.0,1,1,0,0,0,1
2018-03-15,2.22,2.22,,,,0.0,1,1,0,0,0,1
2018-03-16,1.11,1.11,,,,0.0,1,1,0,0,0,1
2018-03-17,,,,,,0.0,0,0,0,0,0,1
2018-03-18,,,,,,0.0,0,0,0,0,0,1
2018-03-19,1.11,1.11,,,,0.0,1,1,0,0,0,1
2018-03-20,2.78,2.78,,,,0.0,1,1,0,0,0,1
2018-03-21,6.11,6.11,,,,0.0,1,1,0,0,0,1
2018-03-22,6.11,6.11,,,,0.0,1,1,0,0,0,1
2018-03-23,1.11,1.11,,,,0.0,1,1,0,0,0,1
2018-03-24,,,,,,0.0,0,0,0,0,0,1
2018-03-25,,,,,,0.0,0,0,0,0,0,1
2018-03-26,6.11,6.11,,,,0.0,1,1,0,0,0,1
2018-03-27,12.22,12.22,,,,0.0,1,1,0,0,0,1
2018-03-28,1.11,1.11,,,,0.0,1,1,0,0,0,1
2018-03-29,5.0,5.0,,,,0.0,1,1,0,0,0,1
2018-03-30,,,,,,0.0,0,0,0,0,0,1
2018-03-31,,,,,,0.0,0,0,0,0,0,1
2018-04-01,,,,,,0.0,0,0,0,0,0,1
2018-04-02,-2.78,-2.78,,,,0.0,1,1,0,0,0,1
2018-04-03,-3.33,-3.33,,,,0.0,1,1,0,0,0,1
2018-04-04,,,,,,0.0,0,0,0,0,0,1
2018-04-05,-1.11,-1.11,,,,0.0,1,1,0,0,0,1
2018-04-06,-6.67,-6.67,,,,0.0,1,1,0,0,0,1
2018-04-07,,,,,,0.0,0,0,0,0,0,1
2018-04-08,,,,,,0.0,0,0,0,0,0,1
2018-04-09,1.67,1.67,,,,0.0,1,1,0,0,0,1
2018-04-10,10.56,10.56,,,,0.0,1,1,0,0,0,1
2018-04-11,12.22,12.22,,,,0.0,1,1,0,0,0,1
2018-04-12,2.78,2.78,,,,0.0,1,1,0,0,0,1
2018-04-13,,,,,,0.0,0,0,0,0,0,1
2018-04-14,,,,,,0.0,0,0,0,0,0,1
2018-04-15,,,,,,0.0,0,0,0,0,0,1
2018-04-16,11.67,11.67,,,,0.0,1,1,0,0,0,1
2018-04-17,3.33,3.33,,,,0.0,1,1,0,0,0,1
2018-04-18,12.22,12.22,,,,0.0,1,1,0,0,0,1
2018-04-19,,,,,,0.0,0,0,0,0,0,1
2018-04-20,,,,,,0.0,0,0,0,0,0,1
2018-04-21,,,,,,0.0,0,0,0,0,0,1
2018-04-22,,,,,,0.0,0,0,0,0,0,1
2018-04-23,5.56,5.56,,,,0.0,1,1,0,0,0,1
2018-04-24,16.11,16.11,,,,0.0,1,1,0,0,0,1
2018-04-25,,,,,,0.0,0,0,0,0,0,1
2018-04-26,,,,,,0.0,0,0,0,0,0,1
2018-04-27,17.78,17.78,,,,0.0,1,1,0,0,0,1
2018-04-28,,,,,,0.0,0,0,0,0,0,1
2018-04-29,,,,,,0.0,0,0,0,0,0,1
2018-04-30,7.78,7.78,,,,0.0,1,1,0,0,0,1
2018-05-01,11.67,11.67,,,,0.0,1,1,0,0,0,1
2018-05-02,17.78,17.78,,,,0.0,1,1,0,0,0,1
2018-05-03,23.33,23.33,,,,0.0,1,1,0,0,0,1
2018-05-04,26.67,26.67,,,,0.0,1,1,0,0,0,1
2018-05-05,,,,,,0.0,0,0,0,0,0,1
2018-05-06,,,,,,0.0,0,0,0,0,0,1
2018-05-07,,,,,,0.0,0,0,0,0,0,1
2018-05-08,,,,,,0.0,0,0,0,0,0,1
2018-05-09,,,,,,0.0,0,0,0,0,0,1
2018-05-10,4.44,4.44,,,,0.0,1,1,0,0,0,1
2018-05-11,8.89,8.89,,,,0.0,1,1,0,0,0,1
2018-05-12,,,,,,0.0,0,0,0,0,0,1
2018-05-13,,,,,,0.0,0,0,0,0,0,1
2018-05-14,25.56,25.56,,,,0.0,1,1,0,0,0,1
2018-05-15,27.22,27.22,,,,0.0,1,1,0,0,0,1
2018-05-16,,,,,,0.0,0,0,0,0,0,1
2018-05-17,26.67,26.67,,,,0.0,1,1,0,0,0,1
2018-05-18,8.89,8.89,,,,0.0,1,1,0,0,0,1
2018-05-19,,,,,,0.0,0,0,0,0,0,1
2018-05-20,,,,,,0.0,0,0,0,0,0,1
2018-05-21,25.0,25.0,,,,0.0,1,1,0,0,0,1
2018-05-22,25.0,25.0,,,,0.0,1,1,0,0,0,1
2018-05-23,25.0,25.0,,,,0.0,1,1,0,0,0,1
2018-05-24,23.89,23.89,,,,0.0,1,1,0,0,0,1
2018-05-25,,,,,,0.0,0,0,0,0,0,1
2018-05-26,,,,,,0.0,0,0,0,0,0,1
2018-05-27,,,,,,0.0,0,0,0,0,0,1
2018-05-28,,,,,,0.0,0,0,0,0,0,1
2018-05-29,24.44,24.44,,,,0.0,1,1,0,0,0,1
2018-05-30,25.56,25.56,,,,0.0,1,1,0,0,0,1
2018-05-31,18.89,18.89,,,,0.0,1,1,0,0,0,1
2018-06-01,18.33,18.33,,,,0.0,1,1,0,0,0,1
2018-06-02,,,,,,0.0,0,0,0,0,0,1
2018-06-03,,,,,,0.0,0,0,0,0,0,1
2018-06-04,,,,,,0.0,0,0,0,0,0,1
2018-06-05,20.56,20.56,,,,0.0,1,1,0,0,0,1
2018-06-06,27.22,27.22,,,,0.0,1,1,0,0,0,1
2018-06-07,31.11,31.11,,,,0.0,1,1,0,0,0,1
2018-06-08,28.33,28.33,,,,0.0,1,1,0,0,0,1
2018-06-09,,,,,,0.0,0,0,0,0,0,1
2018-06-10,,,,,,0.0,0,0,0,0,0,1
2018-06-11,19.44,19.44,,,,0.0,1,1,0,0,0,1
2018-06-12,21.67,21.67,,,,0.0,1,1,0,0,0,1
2018-06-13,,,,,,0.0,0,0,0,0,0,1
2018-06-14,30.56,30.56,,,,0.0,1,1,0,0,0,1
2018-06-15,20.0,20.0,,,,0.0,1,1,0,0,0,1
2018-06-16,,,,,,0.0,0,0,0,0,0,1
2018-06-17,,,,,,0.0,0,0,0,0,0,1
2018-06-18,22.78,22.78,,,,0.0,1,1,0,0,0,1
2018-06-19,23.33,23.33,,,,0.0,1,1,0,0,0,1
2018-06-20,25.0,25.0,,,,0.0,1,1,0,0,0,1
2018-06-21,28.89,28.89,,,,0.0,1,1,0,0,0,1
2018-06-22,26.67,26.67,,,,0.0,1,1,0,0,0,1
2018-06-23,,,,,,0.0,0,0,0,0,0,1
2018-06-24,,,,,,0.0,0,0,0,0,0,1
2018-06-25,28.33,28.33,,,,0.0,1,1,0,0,0,1
2018-06-26,22.22,22.22,,,,0.0,1,1,0,0,0,1
2018-06-27,26.11,26.11,,,,0.0,1,1,0,0,0,1
2018-06-28,31.67,31.67,,,,0.0,1,1,0,0,0,1
2018-06-29,23.33,23.33,,,,0.0,1,1,0,0,0,1
2018-06-30,,,,,,0.0,0,0,0,0,0,1
2018-07-01,,,,,,0.0,0,0,0,0,0,1
2018-07-02,26.67,26.67,,,,0.0,1,1,0,0,0,1
2018-07-03,24.44,24.44,,,,0.0,1,1,0,0,0,1
2018-07-04,,,,,,0.0,0,0,0,0,0,1
2018-07-05,27.22,27.22,,,,0.0,1,1,0,0,0,1
2018-07-06,33.89,33.89,,,,0.0,1,1,0,0,0,1
2018-07-07,,,,,,0.0,0,0,0,0,0,1
2018-07-08,,,,,,0.0,0,0,0,0,0,1
2018-07-09,33.89,33.89,,,,0.0,1,1,0,0,0,1
2018-07-10,34.44,34.44,,,,0.0,1,1,0,0,0,1
2018-07-11,28.89,28.89,,,,0.0,1,1,0,0,0,1
2018-07-12,30.0,30.0,,,,0.0,1,1,0,0,0,1
2018-07-13,33.89,33.89,,,,0.0,1,1,0,0,0,1
2018-07-14,,,,,,0.0,0,0,0,0,0,1
2018-07-15,,,,,,0.0,0,0,0,0,0,1
2018-07-16,28.33,28.33,,,,0.0,1,1,0,0,0,1
2018-07-17,,,,,,0.0,0,0,0,0,0,1
2018-07-18,30.0,30.0,,,,0.0,1,1,0,0,0,1
2018-07-19,29.44,29.44,,,,0.0,1,1,0,0,0,1
2018-07-20,28.89,28.89,,,,0.0,1,1,0,0,0,1
2018-07-21,,,,,,0.0,0,0,0,0,0,1
2018-07-22,,,,,,0.0,0,0,0,0,0,1
2018-07-23,27.22,27.22,,,,0.0,1,1,0,0,0,1
2018-07-24,26.11,26.11,,,,0.0,1,1,0,0,0,1
2018-07-25,24.44,24.44,,,,0.0,1,1,0,0,0,1
2018-07-26,22.22,22.22,,,,0.0,1,1,0,0,0,1
2018-07-27,24.44,24.44,,,,0.0,1,1,0,0,0,1
2018-07-28,,,,,,0.0,0,0,0,0,0,1
2018-07-29,,,,,,0.0,0,0,0,0,0,1
2018-07-30,31.11,31.11,,,,0.0,1,1,0,0,0,1
2018-07-31,25.56,25.56,,,,0.0,1,1,0,0,0,1
2018-08-01,26.67,26.67,,,,0.0,1,1,0,0,0,1
2018-08-02,35.0,35.0,,,,0.0,1,1,0,0,0,1
2018-08-03,33.89,33.89,,,,0.0,1,1,0,0,0,1
2018-08-04,,,,,,0.0,0,0,0,0,0,1
2018-08-05,,,,,,0.0,0,0,0,0,0,1
2018-08-06,26.67,26.67,,,,0.0,1,1,0,0,0,1
2018-08-07,33.33,33.33,,,,0.0,1,1,0,0,0,1
2018-08-08,32.22,32.22,,,,0.0,1,1,0,0,0,1
2018-08-09,,,,,,0.0,0,0,0,0,0,1
2018-08-10,36.11,36.11,,,,0.0,1,1,0,0,0,1
2018-08-11,,,,,,0.0,0,0,0,0,0,1
2018-08-12,,,,,,0.0,0,0,0,0,0,1
2018-08-13,18.33,18.33,,,,0.0,1,1,0,0,0,1
2018-08-14,27.78,27.78,,,,0.0,1,1,0,0,0,1
2018-08-15,30.0,30.0,,,,0.0,1,1,0,0,0,1
2018-08-16,,,,,,0.0,0,0,0,0,0,1
2018-08-17,35.0,35.0,,,,0.0,1,1,0,0,0,1
2018-08-18,,,,,,0.0,0,0,0,0,0,1
2018-08-19,,,,,,0.0,0,0,0,0,0,1
2018-08-20,19.44,19.44,,,,0.0,1,1,0,0,0,1
2018-08-21,25.0,25.0,,,,0.0,1,1,0,0,0,1
2018-08-22,29.44,29.44,,,,0.0,1,1,0,0,0,1
2018-08-23,19.44,19.44,,,,0.0,1,1,0,0,0,1
2018-08-24,30.0,30.0,,,,0.0,1,1,0,0,0,1
2018-08-25,,,,,,0.0,0,0,0,0,0,1
2018-08-26,,,,,,0.0,0,0,0,0,0,1
2018-08-27,10.56,10.56,,,,0.0,1,1,0,0,0,1
2018-08-28,15.0,15.0,,,,0.0,1,1,0,0,0,1
2018-08-29,25.56,25.56,,,,0.0,1,1,0,0,0,1
2018-08-30,30.56,30.56,,,,0.0,1,1,0,0,0,1
2018-08-31,23.89,23.89,,,,0.0,1,1,0,0,0,1
2018-09-01,,,,,,0.0,0,0,0,0,0,1
2018-09-02,,,,,,0.0,0,0,0,0,0,1
2018-09-03,,,,,,0.0,0,0,0,0,0,1
2018-09-04,17.78,17.78,,,,0.0,1,1,0,0,0,1
2018-09-05,22.78,22.78,,,,0.0,1,1,0,0,0,1
2018-09-06,27.78,27.78,,,,0.0,1,1,0,0,0,1
2018-09-07,27.78,27.78,,,,0.0,1,1,0,0,0,1
2018-09-08,,,,,,0.0,0,0,0,0,0,1
2018-09-09,,,,,,0.0,0,0,0,0,0,1
2018-09-10,29.44,29.44,,,,0.0,1,1,0,0,0,1
2018-09-11,23.89,23.89,,,,0.0,1,1,0,0,0,1
2018-09-12,17.78,17.78,,,,0.0,1,1,0,0,0,1
2018-09-13,,,,,,0.0,0,0,0,0,0,1
2018-09-14,17.22,17.22,,,,0.0,1,1,0,0,0,1
2018-09-15,,,,,,0.0,0,0,0,0,0,1
2018-09-16,,,,,,0.0,0,0,0,0,0,1
2018-09-17,19.44,19.44,,,,0.0,1,1,0,0,0,1
2018-09-18,20.56,20.56,,,,0.0,1,1,0,0,0,1
2018-09-19,13.89,13.89,,,,0.0,1,1,0,0,0,1
2018-09-20,5.56,5.56,,,,0.0,1,1,0,0,0,1
2018-09-21,,,,,,0.0,0,0,0,0,0,1
2018-09-22,,,,,,0.0,0,0,0,0,0,1
2018-09-23,,,,,,0.0,0,0,0,0,0,1
2018-09-24,10.0,10.0,,,,0.0,1,1,0,0,0,1
2018-09-25,12.78,12.78,,,,0.0,1,1,0,0,0,1
