Date,tn,tx,td,rh,ff,sr,tn_QC,tx_QC,td_QC,rh_QC,ff_QC,sr_QC
2016-06-09,16.11,16.11,,,,0.0,1,1,0,0,0,1
2016-06-10,11.67,11.67,,,,0.0,1,1,0,0,0,1
2016-06-11,13.89,13.89,,,,0.0,1,1,0,0,0,1
2016-06-12,12.22,12.22,,,,0.0,1,1,0,0,0,1
2016-06-13,13.33,13.33,,,,0.0,1,1,0,0,0,1
2016-06-14,13.89,13.89,,,,0.0,1,1,0,0,0,1
2016-06-15,8.89,8.89,,,,0.0,1,1,0,0,0,1
2016-06-16,11.11,11.11,,,,0.0,1,1,0,0,0,1
2016-06-17,10.56,10.56,,,,0.0,1,1,0,0,0,1
2016-06-18,16.67,16.67,,,,0.0,1,1,0,0,0,1
2016-06-19,12.22,12.22,,,,0.0,1,1,0,0,0,1
2016-06-20,11.67,11.67,,,,0.0,1,1,0,0,0,1
2016-06-21,18.33,18.33,,,,0.0,1,1,0,0,0,1
2016-06-22,12.22,12.22,,,,0.0,1,1,0,0,0,1
2016-06-23,17.78,17.78,,,,0.0,1,1,0,0,0,1
2016-06-24,16.11,16.11,,,,0.0,1,1,0,0,0,1
2016-06-25,10.56,10.56,,,,0.0,1,1,0,0,0,1
2016-06-26,15.0,15.0,,,,0.0,1,1,0,0,0,1
2016-06-27,,,,,,0.0,0,0,0,0,0,1
2016-06-28,14.44,14.44,,,,0.0,1,1,0,0,0,1
2016-06-29,16.11,16.11,,,,0.0,1,1,0,0,0,1
2016-06-30,20.0,20.0,,,,0.0,1,1,0,0,0,1
2016-07-01,16.11,16.11,,,,0.0,1,1,0,0,0,1
2016-07-02,19.44,19.44,,,,0.0,1,1,0,0,0,1
2016-07-03,17.22,17.22,,,,0.0,1,1,0,0,0,1
2016-07-04,16.11,16.11,,,,0.0,1,1,0,0,0,1
2016-07-05,12.78,12.78,,,,0.0,1,1,0,0,0,1
2016-07-06,10.56,10.56,,,,0.0,1,1,0,0,0,1
2016-07-07,8.89,8.89,,,,0.0,1,1,0,0,0,1
2016-07-08,15.56,15.56,,,,0.0,1,1,0,0,0,1
2016-07-09,16.11,16.11,,,,0.0,1,1,0,0,0,1
2016-07-10,12.22,12.22,,,,0.0,1,1,0,0,0,1
2016-07-11,12.78,12.78,,,,0.0,1,1,0,0,0,1
2016-07-12,15.0,15.0,,,,0.0,1,1,0,0,0,1
2016-07-13,15.56,15.56,,,,0.0,1,1,0,0,0,1
2016-07-14,13.89,13.89,,,,0.0,1,1,0,0,0,1
2016-07-15,16.11,16.11,,,,0.0,1,1,0,0,0,1
2016-07-16,12.78,12.78,,,,0.0,1,1,0,0,0,1
2016-07-17,10.56,10.56,,,,0.0,1,1,0,0,0,1
2016-07-18,16.11,16.11,,,,0.0,1,1,0,0,0,1
2016-07-19,17.22,17.22,,,,0.0,1,1,0,0,0,1
2016-07-20,16.67,16.67,,,,0.0,1,1,0,0,0,1
2016-07-21,13.33,13.33,,,,0.0,1,1,0,0,0,1
2016-07-22,22.22,22.22,,,,0.0,1,1,0,0,0,1
2016-07-23,16.67,16.67,,,,0.0,1,1,0,0,0,1
2016-07-24,14.44,14.44,,,,0.0,1,1,0,0,0,1
2016-07-25,20.0,20.0,,,,0.0,1,1,0,0,0,1
2016-07-26,20.56,20.56,,,,0.0,1,1,0,0,0,1
2016-07-27,12.78,12.78,,,,0.0,1,1,0,0,0,1
2016-07-28,17.78,17.78,,,,0.0,1,1,0,0,0,1
2016-07-29,17.22,17.22,,,,0.0,1,1,0,0,0,1
2016-07-30,20.0,20.0,,,,0.0,1,1,0,0,0,1
2016-07-31,15.56,15.56,,,,0.0,1,1,0,0,0,1
2016-08-01,12.78,12.78,,,,0.0,1,1,0,0,0,1
2016-08-02,20.0,20.0,,,,0.0,1,1,0,0,0,1
2016-08-03,14.44,14.44,,,,0.0,1,1,0,0,0,1
2016-08-04,9.44,9.44,,,,0.0,1,1,0,0,0,1
2016-08-05,18.89,18.89,,,,0.0,1,1,0,0,0,1
2016-08-06,19.44,19.44,,,,0.0,1,1,0,0,0,1
2016-08-07,15.56,15.56,,,,0.0,1,1,0,0,0,1
2016-08-08,12.78,12.78,,,,0.0,1,1,0,0,0,1
2016-08-09,13.33,13.33,,,,0.0,1,1,0,0,0,1
2016-08-10,11.67,11.67,,,,0.0,1,1,0,0,0,1
2016-08-11,12.78,12.78,,,,0.0,1,1,0,0,0,1
2016-08-12,13.33,13.33,,,,0.0,1,1,0,0,0,1
2016-08-13,12.22,12.22,,,,0.0,1,1,0,0,0,1
2016-08-14,17.22,17.22,,,,0.0,1,1,0,0,0,1
2016-08-15,14.44,14.44,,,,0.0,1,1,0,0,0,1
2016-08-16,18.33,18.33,,,,0.0,1,1,0,0,0,1
2016-08-17,16.67,16.67,,,,0.0,1,1,0,0,0,1
2016-08-18,12.22,12.22,,,,0.0,1,1,0,0,0,1
2016-08-19,8.89,8.89,,,,0.0,1,1,0,0,0,1
2016-08-20,8.89,8.89,,,,0.0,1,1,0,0,0,1
2016-08-21,12.22,12.22,,,,0.0,1,1,0,0,0,1
2016-08-22,17.78,17.78,,,,0.0,1,1,0,0,0,1
2016-08-23,11.11,11.11,,,,0.0,1,1,0,0,0,1
2016-08-24,10.56,10.56,,,,0.0,1,1,0,0,0,1
2016-08-25,6.67,6.67,,,,0.0,1,1,0,0,0,1
2016-08-26,7.22,7.22,,,,0.0,1,1,0,0,0,1
2016-08-27,13.33,13.33,,,,0.0,1,1,0,0,0,1
2016-08-28,13.89,13.89,,,,0.0,1,1,0,0,0,1
2016-08-29,13.33,13.33,,,,0.0,1,1,0,0,0,1
2016-08-30,13.89,13.89,,,,0.0,1,1,0,0,0,1
2016-08-31,16.67,16.67,,,,0.0,1,1,0,0,0,1
2016-09-01,12.78,12.78,,,,0.0,1,1,0,0,0,1
2016-09-02,12.22,12.22,,,,0.0,1,1,0,0,0,1
2016-09-03,7.78,7.78,,,,0.0,1,1,0,0,0,1
2016-09-04,8.33,8.33,,,,0.0,1,1,0,0,0,1
2016-09-05,7.22,7.22,,,,0.0,1,1,0,0,0,1
2016-09-06,4.44,4.44,,,,0.0,1,1,0,0,0,1
2016-09-07,,,,,,0.0,0,0,0,0,0,1
2016-09-08,8.89,8.89,,,,0.0,1,1,0,0,0,1
2016-09-09,7.22,7.22,,,,0.0,1,1,0,0,0,1
2016-09-10,6.11,6.11,,,,0.0,1,1,0,0,0,1
2016-09-11,8.33,8.33,,,,0.0,1,1,0,0,0,1
2016-09-12,2.22,2.22,,,,0.0,1,1,0,0,0,1
2016-09-13,-1.67,-1.67,,,,0.0,1,1,0,0,0,1
2016-09-14,-1.11,-1.11,,,,0.0,1,1,0,0,0,1
2016-09-15,5.56,5.56,,,,0.0,1,1,0,0,0,1
2016-09-16,4.44,4.44,,,,0.0,1,1,0,0,0,1
2016-09-17,9.44,9.44,,,,0.0,1,1,0,0,0,1
2016-09-18,11.67,11.67,,,,0.0,1,1,0,0,0,1
2016-09-19,0.56,0.56,,,,0.0,1,1,0,0,0,1
2016-09-20,4.44,4.44,,,,0.0,1,1,0,0,0,1
2016-09-21,6.11,6.11,,,,0.0,1,1,0,0,0,1
2016-09-22,8.33,8.33,,,,0.0,1,1,0,0,0,1
2016-09-23,7.78,7.78,,,,0.0,1,1,0,0,0,1
2016-09-24,7.22,7.22,,,,0.0,1,1,0,0,0,1
2016-09-25,1.11,1.11,,,,0.0,1,1,0,0,0,1
2016-09-26,3.33,3.33,,,,0.0,1,1,0,0,0,1
2016-09-27,4.44,4.44,,,,0.0,1,1,0,0,0,1
2016-09-28,6.11,6.11,,,,0.0,1,1,0,0,0,1
2016-09-29,6.11,6.11,,,,0.0,1,1,0,0,0,1
2016-09-30,7.78,7.78,,,,0.0,1,1,0,0,0,1
2016-10-01,10.56,10.56,,,,0.0,1,1,0,0,0,1
2016-10-02,-0.56,-0.56,,,,0.0,1,1,0,0,0,1
2016-10-03,,,,,,0.0,0,0,0,0,0,1
2016-10-04,2.78,2.78,,,,0.0,1,1,0,0,0,1
2016-10-05,1.11,1.11,,,,0.0,1,1,0,0,0,1
2016-10-06,-0.56,-0.56,,,,0.0,1,1,0,0,0,1
2016-10-07,-1.67,-1.67,,,,0.0,1,1,0,0,0,1
2016-10-08,-1.11,-1.11,,,,0.0,1,1,0,0,0,1
2016-10-09,9.44,9.44,,,,0.0,1,1,0,0,0,1
2016-10-10,-2.78,-2.78,,,,0.0,1,1,0,0,0,1
2016-10-11,-8.33,-8.33,,,,0.0,1,1,0,0,0,1
2016-10-12,-15.56,-15.56,,,,0.0,1,1,0,0,0,1
2016-10-13,-8.89,-8.89,,,,0.0,1,1,0,0,0,1
2016-10-14,2.78,2.78,,,,0.0,1,1,0,0,0,1
2016-10-15,0.0,0.0,,,,0.0,1,1,0,0,0,1
2016-10-16,2.78,2.78,,,,0.0,1,1,0,0,0,1
2016-10-17,,,,,,0.0,0,0,0,0,0,1
2016-10-18,,,,,,0.0,0,0,0,0,0,1
2016-10-19,-2.22,-2.22,,,,0.0,1,1,0,0,0,1
2016-10-20,-1.67,-1.67,,,,0.0,1,1,0,0,0,1
2016-10-21,-0.56,-0.56,,,,0.0,1,1,0,0,0,1
2016-10-22,4.44,4.44,,,,0.0,1,1,0,0,0,1
2016-10-23,-2.22,-2.22,,,,0.0,1,1,0,0,0,1
2016-10-24,4.44,4.44,,,,0.0,1,1,0,0,0,1
2016-10-25,,,,,,0.0,0,0,0,0,0,1
2016-10-26,2.78,2.78,,,,0.0,1,1,0,0,0,1
2016-10-27,5.0,5.0,,,,0.0,1,1,0,0,0,1
2016-10-28,2.78,2.78,,,,0.0,1,1,0,0,0,1
2016-10-29,3.33,3.33,,,,0.0,1,1,0,0,0,1
2016-10-30,1.11,1.11,,,,0.0,1,1,0,0,0,1
2016-10-31,4.44,4.44,,,,0.0,1,1,0,0,0,1
2016-11-01,4.44,4.44,,,,0.0,1,1,0,0,0,1
2016-11-02,1.67,1.67,,,,0.0,1,1,0,0,0,1
2016-11-03,2.22,2.22,,,,0.0,1,1,0,0,0,1
2016-11-04,0.0,0.0,,,,0.0,1,1,0,0,0,1
2016-11-05,-1.67,-1.67,,,,0.0,1,1,0,0,0,1
2016-11-06,2.78,2.78,,,,0.0,1,1,0,0,0,1
2016-11-07,-4.44,-4.44,,,,0.0,1,1,0,0,0,1
2016-11-08,0.56,0.56,,,,0.0,1,1,0,0,0,1
2016-11-09,,,,,,0.0,0,0,0,0,0,1
2016-11-10,-1.67,-1.67,,,,0.0,1,1,0,0,0,1
2016-11-11,1.67,1.67,,,,0.0,1,1,0,0,0,1
2016-11-12,-1.11,-1.11,,,,0.0,1,1,0,0,0,1
2016-11-13,3.33,3.33,,,,0.0,1,1,0,0,0,1
2016-11-14,9.44,9.44,,,,0.0,1,1,0,0,0,1
2016-11-15,2.22,2.22,,,,0.0,1,1,0,0,0,1
2016-11-16,-1.11,-1.11,,,,0.0,1,1,0,0,0,1
2016-11-17,-7.78,-7.78,,,,0.0,1,1,0,0,0,1
2016-11-18,-2.22,-2.22,,,,0.0,1,1,0,0,0,1
2016-11-19,-2.22,-2.22,,,,0.0,1,1,0,0,0,1
2016-11-20,-2.78,-2.78,,,,0.0,1,1,0,0,0,1
2016-11-21,1.11,1.11,,,,0.0,1,1,0,0,0,1
2016-11-22,-7.22,-7.22,,,,0.0,1,1,0,0,0,1
2016-11-23,-2.78,-2.78,,,,0.0,1,1,0,0,0,1
2016-11-24,-8.33,-8.33,,,,0.0,1,1,0,0,0,1
2016-11-25,,,,,,0.0,0,0,0,0,0,1
2016-11-26,-2.78,-2.78,,,,0.0,1,1,0,0,0,1
2016-11-27,-7.78,-7.78,,,,0.0,1,1,0,0,0,1
2016-11-28,-5.0,-5.0,,,,0.0,1,1,0,0,0,1
2016-11-29,-4.44,-4.44,,,,0.0,1,1,0,0,0,1
2016-11-30,-15.0,-15.0,,,,0.0,1,1,0,0,0,1
2016-12-01,-7.22,-7.22,,,,0.0,1,1,0,0,0,1
2016-12-02,-12.78,-12.78,,,,0.0,1,1,0,0,0,1
2016-12-03,-2.78,-2.78,,,,0.0,1,1,0,0,0,1
2016-12-04,-4.44,-4.44,,,,0.0,1,1,0,0,0,1
2016-12-05,,,,,,0.0,0,0,0,0,0,1
2016-12-06,-20.0,-20.0,,,,0.0,1,1,0,0,0,1
2016-12-07,-20.56,-20.56,,,,0.0,1,1,0,0,0,1
2016-12-08,-21.67,-21.67,,,,0.0,1,1,0,0,0,1
2016-12-09,-19.44,-19.44,,,,0.0,1,1,0,0,0,1
2016-12-10,-16.11,-16.11,,,,0.0,1,1,0,0,0,1
2016-12-11,-18.33,-18.33,,,,0.0,1,1,0,0,0,1
2016-12-12,-15.56,-15.56,,,,0.0,1,1,0,0,0,1
2016-12-13,-28.33,-28.33,,,,0.0,1,1,0,0,0,1
2016-12-14,-28.89,-28.89,,,,0.0,1,1,0,0,0,1
2016-12-15,-12.78,-12.78,,,,0.0,1,1,0,0,0,1
2016-12-16,-20.56,-20.56,,,,0.0,1,1,0,0,0,1
2016-12-17,-35.0,-35.0,,,,0.0,1,1,0,0,0,1
2016-12-18,-15.56,-15.56,,,,0.0,1,1,0,0,0,1
2016-12-19,0.0,0.0,,,,0.0,1,1,0,0,0,1
2016-12-20,-4.44,-4.44,,,,0.0,1,1,0,0,0,1
2016-12-21,-9.44,-9.44,,,,0.0,1,1,0,0,0,1
2016-12-22,-4.44,-4.44,,,,0.0,1,1,0,0,0,1
2016-12-23,-8.33,-8.33,,,,0.0,1,1,0,0,0,1
2016-12-24,,,,,,0.0,0,0,0,0,0,1
2016-12-25,-17.22,-17.22,,,,0.0,1,1,0,0,0,1
2016-12-26,-26.11,-26.11,,,,0.0,1,1,0,0,0,1
2016-12-27,-1.11,-1.11,,,,0.0,1,1,0,0,0,1
2016-12-28,-5.56,-5.56,,,,0.0,1,1,0,0,0,1
2016-12-29,-15.0,-15.0,,,,0.0,1,1,0,0,0,1
2016-12-30,-4.44,-4.44,,,,0.0,1,1,0,0,0,1
2016-12-31,-7.22,-7.22,,,,0.0,1,1,0,0,0,1
2017-01-01,-9.44,-9.44,,,,0.0,1,1,0,0,0,1
2017-01-02,-21.67,-21.67,,,,0.0,1,1,0,0,0,1
2017-01-03,-27.22,-27.22,,,,0.0,1,1,0,0,0,1
2017-01-04,-15.0,-15.0,,,,0.0,1,1,0,0,0,1
2017-01-05,-22.78,-22.78,,,,0.0,1,1,0,0,0,1
2017-01-06,-12.22,-12.22,,,,0.0,1,1,0,0,0,1
2017-01-07,-15.56,-15.56,,,,0.0,1,1,0,0,0,1
2017-01-08,-18.89,-18.89,,,,0.0,1,1,0,0,0,1
2017-01-09,,,,,,0.0,0,0,0,0,0,1
2017-01-10,,,,,,0.0,0,0,0,0,0,1
2017-01-11,-33.89,-33.89,,,,0.0,1,1,0,0,0,1
2017-01-12,-29.44,-29.44,,,,0.0,1,1,0,0,0,1
2017-01-13,-24.44,-24.44,,,,0.0,1,1,0,0,0,1
2017-01-14,-20.0,-20.0,,,,0.0,1,1,0,0,0,1
2017-01-15,-16.11,-16.11,,,,0.0,1,1,0,0,0,1
2017-01-16,-19.44,-19.44,,,,0.0,1,1,0,0,0,1
2017-01-17,2.22,2.22,,,,0.0,1,1,0,0,0,1
2017-01-18,-1.11,-1.11,,,,0.0,1,1,0,0,0,1
2017-01-19,-2.78,-2.78,,,,0.0,1,1,0,0,0,1
2017-01-20,-9.44,-9.44,,,,0.0,1,1,0,0,0,1
2017-01-21,-13.89,-13.89,,,,0.0,1,1,0,0,0,1
2017-01-22,-8.89,-8.89,,,,0.0,1,1,0,0,0,1
2017-01-23,-6.67,-6.67,,,,0.0,1,1,0,0,0,1
2017-01-24,-15.56,-15.56,,,,0.0,1,1,0,0,0,1
2017-01-25,-14.44,-14.44,,,,0.0,1,1,0,0,0,1
2017-01-26,-21.11,-21.11,,,,0.0,1,1,0,0,0,1
2017-01-27,-7.78,-7.78,,,,0.0,1,1,0,0,0,1
2017-01-28,-3.33,-3.33,,,,0.0,1,1,0,0,0,1
2017-01-29,2.78,2.78,,,,0.0,1,1,0,0,0,1
2017-01-30,0.0,0.0,,,,0.0,1,1,0,0,0,1
2017-01-31,-9.44,-9.44,,,,0.0,1,1,0,0,0,1
2017-02-01,-16.11,-16.11,,,,0.0,1,1,0,0,0,1
2017-02-02,,,,,,0.0,0,0,0,0,0,1
2017-02-03,,,,,,0.0,0,0,0,0,0,1
2017-02-04,,,,,,0.0,0,0,0,0,0,1
2017-02-05,,,,,,0.0,0,0,0,0,0,1
2017-02-06,,,,,,0.0,0,0,0,0,0,1
2017-02-07,,,,,,0.0,0,0,0,0,0,1
2017-02-08,,,,,,0.0,0,0,0,0,0,1
2017-02-09,,,,,,0.0,0,0,0,0,0,1
2017-02-10,,,,,,0.0,0,0,0,0,0,1
2017-02-11,,,,,,0.0,0,0,0,0,0,1
2017-02-12,-11.67,-11.67,,,,0.0,1,1,0,0,0,1
2017-02-13,-7.78,-7.78,,,,0.0,1,1,0,0,0,1
2017-02-14,-9.44,-9.44,,,,0.0,1,1,0,0,0,1
2017-02-15,-6.11,-6.11,,,,0.0,1,1,0,0,0,1
2017-02-16,6.67,6.67,,,,0.0,1,1,0,0,0,1
2017-02-17,1.11,1.11,,,,0.0,1,1,0,0,0,1
2017-02-18,2.78,2.78,,,,0.0,1,1,0,0,0,1
2017-02-19,0.0,0.0,,,,0.0,1,1,0,0,0,1
2017-02-20,-2.78,-2.78,,,,0.0,1,1,0,0,0,1
2017-02-21,-1.11,-1.11,,,,0.0,1,1,0,0,0,1
2017-02-22,-1.67,-1.67,,,,0.0,1,1,0,0,0,1
2017-02-23,-5.0,-5.0,,,,0.0,1,1,0,0,0,1
2017-02-24,-5.56,-5.56,,,,0.0,1,1,0,0,0,1
2017-02-25,-9.44,-9.44,,,,0.0,1,1,0,0,0,1
2017-02-26,-7.78,-7.78,,,,0.0,1,1,0,0,0,1
2017-02-27,-14.44,-14.44,,,,0.0,1,1,0,0,0,1
2017-02-28,-8.33,-8.33,,,,0.0,1,1,0,0,0,1
2017-03-01,-3.89,-3.89,,,,0.0,1,1,0,0,0,1
2017-03-02,-6.11,-6.11,,,,0.0,1,1,0,0,0,1
2017-03-03,1.67,1.67,,,,0.0,1,1,0,0,0,1
2017-03-04,-2.22,-2.22,,,,0.0,1,1,0,0,0,1
2017-03-05,-7.78,-7.78,,,,0.0,1,1,0,0,0,1
2017-03-06,-15.56,-15.56,,,,0.0,1,1,0,0,0,1
2017-03-07,-11.67,-11.67,,,,0.0,1,1,0,0,0,1
2017-03-08,-8.33,-8.33,,,,0.0,1,1,0,0,0,1
2017-03-09,-15.0,-15.0,,,,0.0,1,1,0,0,0,1
2017-03-10,-12.78,-12.78,,,,0.0,1,1,0,0,0,1
2017-03-11,-12.78,-12.78,,,,0.0,1,1,0,0,0,1
2017-03-12,-13.33,-13.33,,,,0.0,1,1,0,0,0,1
2017-03-13,-12.78,-12.78,,,,0.0,1,1,0,0,0,1
2017-03-14,-3.89,-3.89,,,,0.0,1,1,0,0,0,1
2017-03-15,3.33,3.33,,,,0.0,1,1,0,0,0,1
2017-03-16,2.78,2.78,,,,0.0,1,1,0,0,0,1
2017-03-17,-4.44,-4.44,,,,0.0,1,1,0,0,0,1
2017-03-18,1.67,1.67,,,,0.0,1,1,0,0,0,1
2017-03-19,1.67,1.67,,,,0.0,1,1,0,0,0,1
2017-03-20,-6.11,-6.11,,,,0.0,1,1,0,0,0,1
2017-03-21,-2.22,-2.22,,,,0.0,1,1,0,0,0,1
2017-03-22,-0.56,-0.56,,,,0.0,1,1,0,0,0,1
2017-03-23,1.67,1.67,,,,0.0,1,1,0,0,0,1
2017-03-24,-5.0,-5.0,,,,0.0,1,1,0,0,0,1
2017-03-25,0.0,0.0,,,,0.0,1,1,0,0,0,1
2017-03-26,-4.44,-4.44,,,,0.0,1,1,0,0,0,1
2017-03-27,1.67,1.67,,,,0.0,1,1,0,0,0,1
2017-03-28,-3.33,-3.33,,,,0.0,1,1,0,0,0,1
2017-03-29,2.78,2.78,,,,0.0,1,1,0,0,0,1
2017-03-30,3.33,3.33,,,,0.0,1,1,0,0,0,1
2017-03-31,0.56,0.56,,,,0.0,1,1,0,0,0,1
2017-04-01,-2.22,-2.22,,,,0.0,1,1,0,0,0,1
2017-04-02,-2.78,-2.78,,,,0.0,1,1,0,0,0,1
2017-04-03,-0.56,-0.56,,,,0.0,1,1,0,0,0,1
2017-04-04,-5.56,-5.56,,,,0.0,1,1,0,0,0,1
2017-04-05,-2.78,-2.78,,,,0.0,1,1,0,0,0,1
2017-04-06,5.0,5.0,,,,0.0,1,1,0,0,0,1
2017-04-07,4.44,4.44,,,,0.0,1,1,0,0,0,1
2017-04-08,3.33,3.33,,,,0.0,1,1,0,0,0,1
2017-04-09,2.22,2.22,,,,0.0,1,1,0,0,0,1
2017-04-10,-2.22,-2.22,,,,0.0,1,1,0,0,0,1
2017-04-11,0.56,0.56,,,,0.0,1,1,0,0,0,1
2017-04-12,5.0,5.0,,,,0.0,1,1,0,0,0,1
2017-04-13,6.11,6.11,,,,0.0,1,1,0,0,0,1
2017-04-14,3.89,3.89,,,,0.0,1,1,0,0,0,1
2017-04-15,3.33,3.33,,,,0.0,1,1,0,0,0,1
2017-04-16,-1.11,-1.11,,,,0.0,1,1,0,0,0,1
2017-04-17,1.11,1.11,,,,0.0,1,1,0,0,0,1
2017-04-18,1.11,1.11,,,,0.0,1,1,0,0,0,1
2017-04-19,4.44,4.44,,,,0.0,1,1,0,0,0,1
2017-04-20,6.11,6.11,,,,0.0,1,1,0,0,0,1
2017-04-21,5.0,5.0,,,,0.0,1,1,0,0,0,1
2017-04-22,2.22,2.22,,,,0.0,1,1,0,0,0,1
2017-04-23,4.44,4.44,,,,0.0,1,1,0,0,0,1
2017-04-24,,,,,,0.0,0,0,0,0,0,1
2017-04-25,-0.56,-0.56,,,,0.0,1,1,0,0,0,1
2017-04-26,2.22,2.22,,,,0.0,1,1,0,0,0,1
2017-04-27,1.67,1.67,,,,0.0,1,1,0,0,0,1
2017-04-28,3.33,3.33,,,,0.0,1,1,0,0,0,1
2017-04-29,2.22,2.22,,,,0.0,1,1,0,0,0,1
2017-04-30,7.78,7.78,,,,0.0,1,1,0,0,0,1
2017-05-01,5.56,5.56,,,,0.0,1,1,0,0,0,1
2017-05-02,5.56,5.56,,,,0.0,1,1,0,0,0,1
2017-05-03,4.44,4.44,,,,0.0,1,1,0,0,0,1
2017-05-04,9.44,9.44,,,,0.0,1,1,0,0,0,1
2017-05-05,12.22,12.22,,,,0.0,1,1,0,0,0,1
2017-05-06,10.56,10.56,,,,0.0,1,1,0,0,0,1
2017-05-07,7.22,7.22,,,,0.0,1,1,0,0,0,1
2017-05-08,3.33,3.33,,,,0.0,1,1,0,0,0,1
2017-05-09,9.44,9.44,,,,0.0,1,1,0,0,0,1
2017-05-10,8.33,8.33,,,,0.0,1,1,0,0,0,1
2017-05-11,12.22,12.22,,,,0.0,1,1,0,0,0,1
2017-05-12,16.67,16.67,,,,0.0,1,1,0,0,0,1
2017-05-13,6.11,6.11,,,,0.0,1,1,0,0,0,1
2017-05-14,5.56,5.56,,,,0.0,1,1,0,0,0,1
2017-05-15,6.11,6.11,,,,0.0,1,1,0,0,0,1
2017-05-16,6.67,6.67,,,,0.0,1,1,0,0,0,1
2017-05-17,6.67,6.67,,,,0.0,1,1,0,0,0,1
2017-05-18,6.67,6.67,,,,0.0,1,1,0,0,0,1
2017-05-19,7.78,7.78,,,,0.0,1,1,0,0,0,1
2017-05-20,7.78,7.78,,,,0.0,1,1,0,0,0,1
2017-05-21,9.44,9.44,,,,0.0,1,1,0,0,0,1
2017-05-22,12.22,12.22,,,,0.0,1,1,0,0,0,1
2017-05-23,13.33,13.33,,,,0.0,1,1,0,0,0,1
2017-05-24,17.22,17.22,,,,0.0,1,1,0,0,0,1
2017-05-25,8.33,8.33,,,,0.0,1,1,0,0,0,1
2017-05-26,6.67,6.67,,,,0.0,1,1,0,0,0,1
2017-05-27,10.56,10.56,,,,0.0,1,1,0,0,0,1
2017-05-28,15.56,15.56,,,,0.0,1,1,0,0,0,1
2017-05-29,13.33,13.33,,,,0.0,1,1,0,0,0,1
2017-05-30,13.89,13.89,,,,0.0,1,1,0,0,0,1
2017-05-31,16.11,16.11,,,,0.0,1,1,0,0,0,1
2017-06-01,16.11,16.11,,,,0.0,1,1,0,0,0,1
2017-06-02,14.44,14.44,,,,0.0,1,1,0,0,0,1
2017-06-03,12.22,12.22,,,,0.0,1,1,0,0,0,1
2017-06-04,20.0,20.0,,,,0.0,1,1,0,0,0,1
2017-06-05,11.11,11.11,,,,0.0,1,1,0,0,0,1
2017-06-06,11.67,11.67,,,,0.0,1,1,0,0,0,1
2017-06-07,16.11,16.11,,,,0.0,1,1,0,0,0,1
2017-06-08,17.78,17.78,,,,0.0,1,1,0,0,0,1
2017-06-09,15.0,15.0,,,,0.0,1,1,0,0,0,1
2017-06-10,11.67,11.67,,,,0.0,1,1,0,0,0,1
2017-06-11,11.11,11.11,,,,0.0,1,1,0,0,0,1
2017-06-12,15.56,15.56,,,,0.0,1,1,0,0,0,1
2017-06-13,12.78,12.78,,,,0.0,1,1,0,0,0,1
2017-06-14,11.67,11.67,,,,0.0,1,1,0,0,0,1
2017-06-15,11.11,11.11,,,,0.0,1,1,0,0,0,1
2017-06-16,14.44,14.44,,,,0.0,1,1,0,0,0,1
2017-06-17,13.33,13.33,,,,0.0,1,1,0,0,0,1
2017-06-18,12.22,12.22,,,,0.0,1,1,0,0,0,1
2017-06-19,14.44,14.44,,,,0.0,1,1,0,0,0,1
2017-06-20,17.22,17.22,,,,0.0,1,1,0,0,0,1
2017-06-21,13.33,13.33,,,,0.0,1,1,0,0,0,1
2017-06-22,11.67,11.67,,,,0.0,1,1,0,0,0,1
2017-06-23,10.0,10.0,,,,0.0,1,1,0,0,0,1
2017-06-24,13.33,13.33,,,,0.0,1,1,0,0,0,1
2017-06-25,,,,,,0.0,0,0,0,0,0,1
2017-06-26,16.11,16.11,,,,0.0,1,1,0,0,0,1
2017-06-27,15.56,15.56,,,,0.0,1,1,0,0,0,1
2017-06-28,13.33,13.33,,,,0.0,1,1,0,0,0,1
2017-06-29,11.67,11.67,,,,0.0,1,1,0,0,0,1
2017-06-30,12.78,12.78,,,,0.0,1,1,0,0,0,1
2017-07-01,18.33,18.33,,,,0.0,1,1,0,0,0,1
2017-07-02,16.11,16.11,,,,0.0,1,1,0,0,0,1
2017-07-03,18.89,18.89,,,,0.0,1,1,0,0,0,1
2017-07-04,18.33,18.33,,,,0.0,1,1,0,0,0,1
2017-07-05,19.44,19.44,,,,0.0,1,1,0,0,0,1
2017-07-06,21.67,21.67,,,,0.0,1,1,0,0,0,1
2017-07-07,18.89,18.89,,,,0.0,1,1,0,0,0,1
2017-07-08,22.22,22.22,,,,0.0,1,1,0,0,0,1
2017-07-09,20.56,20.56,,,,0.0,1,1,0,0,0,1
2017-07-10,23.89,23.89,,,,0.0,1,1,0,0,0,1
2017-07-11,14.44,14.44,,,,0.0,1,1,0,0,0,1
2017-07-12,14.44,14.44,,,,0.0,1,1,0,0,0,1
2017-07-13,20.0,20.0,,,,0.0,1,1,0,0,0,1
2017-07-14,18.33,18.33,,,,0.0,1,1,0,0,0,1
2017-07-15,22.78,22.78,,,,0.0,1,1,0,0,0,1
2017-07-16,17.22,17.22,,,,0.0,1,1,0,0,0,1
2017-07-17,11.67,11.67,,,,0.0,1,1,0,0,0,1
2017-07-18,12.22,12.22,,,,0.0,1,1,0,0,0,1
2017-07-19,17.78,17.78,,,,0.0,1,1,0,0,0,1
2017-07-20,22.22,22.22,,,,0.0,1,1,0,0,0,1
2017-07-21,16.67,16.67,,,,0.0,1,1,0,0,0,1
2017-07-22,15.0,15.0,,,,0.0,1,1,0,0,0,1
2017-07-23,18.33,18.33,,,,0.0,1,1,0,0,0,1
2017-07-24,11.11,11.11,,,,0.0,1,1,0,0,0,1
2017-07-25,,,,,,0.0,0,0,0,0,0,1
2017-07-26,20.0,20.0,,,,0.0,1,1,0,0,0,1
2017-07-27,19.44,19.44,,,,0.0,1,1,0,0,0,1
2017-07-28,18.89,18.89,,,,0.0,1,1,0,0,0,1
2017-07-29,18.33,18.33,,,,0.0,1,1,0,0,0,1
2017-07-30,17.22,17.22,,,,0.0,1,1,0,0,0,1
2017-07-31,18.33,18.33,,,,0.0,1,1,0,0,0,1
2017-08-01,15.0,15.0,,,,0.0,1,1,0,0,0,1
2017-08-02,13.33,13.33,,,,0.0,1,1,0,0,0,1
2017-08-03,15.56,15.56,,,,0.0,1,1,0,0,0,1
2017-08-04,14.44,14.44,,,,0.0,1,1,0,0,0,1
2017-08-05,14.44,14.44,,,,0.0,1,1,0,0,0,1
2017-08-06,11.67,11.67,,,,0.0,1,1,0,0,0,1
2017-08-07,16.11,16.11,,,,0.0,1,1,0,0,0,1
2017-08-08,14.44,14.44,,,,0.0,1,1,0,0,0,1
2017-08-09,10.56,10.56,,,,0.0,1,1,0,0,0,1
2017-08-10,13.33,13.33,,,,0.0,1,1,0,0,0,1
2017-08-11,16.11,16.11,,,,0.0,1,1,0,0,0,1
2017-08-12,,,,,,0.0,0,0,0,0,0,1
2017-08-13,,,,,,0.0,0,0,0,0,0,1
2017-08-14,11.11,11.11,,,,0.0,1,1,0,0,0,1
2017-08-15,7.22,7.22,,,,0.0,1,1,0,0,0,1
2017-08-16,10.56,10.56,,,,0.0,1,1,0,0,0,1
2017-08-17,12.78,12.78,,,,0.0,1,1,0,0,0,1
2017-08-18,,,,,,0.0,0,0,0,0,0,1
2017-08-19,12.78,12.78,,,,0.0,1,1,0,0,0,1
2017-08-20,,,,,,0.0,0,0,0,0,0,1
2017-08-21,11.67,11.67,,,,0.0,1,1,0,0,0,1
2017-08-22,15.0,15.0,,,,0.0,1,1,0,0,0,1
2017-08-23,13.33,13.33,,,,0.0,1,1,0,0,0,1
2017-08-24,15.56,15.56,,,,0.0,1,1,0,0,0,1
2017-08-25,14.44,14.44,,,,0.0,1,1,0,0,0,1
2017-08-26,11.11,11.11,,,,0.0,1,1,0,0,0,1
2017-08-27,12.22,12.22,,,,0.0,1,1,0,0,0,1
2017-08-28,11.67,11.67,,,,0.0,1,1,0,0,0,1
2017-08-29,18.33,18.33,,,,0.0,1,1,0,0,0,1
2017-08-30,15.0,15.0,,,,0.0,1,1,0,0,0,1
2017-08-31,18.89,18.89,,,,0.0,1,1,0,0,0,1
2017-09-01,11.11,11.11,,,,0.0,1,1,0,0,0,1
2017-09-02,11.11,11.11,,,,0.0,1,1,0,0,0,1
2017-09-03,13.89,13.89,,,,0.0,1,1,0,0,0,1
2017-09-04,12.78,12.78,,,,0.0,1,1,0,0,0,1
2017-09-05,10.0,10.0,,,,0.0,1,1,0,0,0,1
2017-09-06,10.56,10.56,,,,0.0,1,1,0,0,0,1
2017-09-07,9.44,9.44,,,,0.0,1,1,0,0,0,1
2017-09-08,13.89,13.89,,,,0.0,1,1,0,0,0,1
2017-09-09,13.89,13.89,,,,0.0,1,1,0,0,0,1
2017-09-10,17.78,17.78,,,,0.0,1,1,0,0,0,1
2017-09-11,7.22,7.22,,,,0.0,1,1,0,0,0,1
2017-09-12,13.89,13.89,,,,0.0,1,1,0,0,0,1
2017-09-13,7.78,7.78,,,,0.0,1,1,0,0,0,1
2017-09-14,6.11,6.11,,,,0.0,1,1,0,0,0,1
2017-09-15,3.89,3.89,,,,0.0,1,1,0,0,0,1
2017-09-16,2.78,2.78,,,,0.0,1,1,0,0,0,1
2017-09-17,-1.11,-1.11,,,,0.0,1,1,0,0,0,1
2017-09-18,5.56,5.56,,,,0.0,1,1,0,0,0,1
2017-09-19,1.67,1.67,,,,0.0,1,1,0,0,0,1
2017-09-20,0.0,0.0,,,,0.0,1,1,0,0,0,1
2017-09-21,-1.67,-1.67,,,,0.0,1,1,0,0,0,1
2017-09-22,2.22,2.22,,,,0.0,1,1,0,0,0,1
2017-09-23,3.33,3.33,,,,0.0,1,1,0,0,0,1
2017-09-24,-3.33,-3.33,,,,0.0,1,1,0,0,0,1
2017-09-25,-2.22,-2.22,,,,0.0,1,1,0,0,0,1
2017-09-26,6.67,6.67,,,,0.0,1,1,0,0,0,1
2017-09-27,2.78,2.78,,,,0.0,1,1,0,0,0,1
2017-09-28,2.78,2.78,,,,0.0,1,1,0,0,0,1
2017-09-29,6.11,6.11,,,,0.0,1,1,0,0,0,1
2017-09-30,6.11,6.11,,,,0.0,1,1,0,0,0,1
2017-10-01,6.11,6.11,,,,0.0,1,1,0,0,0,1
2017-10-02,0.0,0.0,,,,0.0,1,1,0,0,0,1
2017-10-03,-3.89,-3.89,,,,0.0,1,1,0,0,0,1
2017-10-04,-14.44,-14.44,,,,0.0,1,1,0,0,0,1
2017-10-05,-1.11,-1.11,,,,0.0,1,1,0,0,0,1
2017-10-06,-3.89,-3.89,,,,0.0,1,1,0,0,0,1
2017-10-07,7.22,7.22,,,,0.0,1,1,0,0,0,1
2017-10-08,1.11,1.11,,,,0.0,1,1,0,0,0,1
2017-10-09,-6.11,-6.11,,,,0.0,1,1,0,0,0,1
2017-10-10,-0.56,-0.56,,,,0.0,1,1,0,0,0,1
2017-10-11,2.22,2.22,,,,0.0,1,1,0,0,0,1
2017-10-12,-5.0,-5.0,,,,0.0,1,1,0,0,0,1
2017-10-13,-2.78,-2.78,,,,0.0,1,1,0,0,0,1
2017-10-14,-7.22,-7.22,,,,0.0,1,1,0,0,0,1
2017-10-15,-1.11,-1.11,,,,0.0,1,1,0,0,0,1
2017-10-16,6.11,6.11,,,,0.0,1,1,0,0,0,1
2017-10-17,11.11,11.11,,,,0.0,1,1,0,0,0,1
2017-10-18,-4.44,-4.44,,,,0.0,1,1,0,0,0,1
2017-10-19,5.56,5.56,,,,0.0,1,1,0,0,0,1
2017-10-20,5.56,5.56,,,,0.0,1,1,0,0,0,1
2017-10-21,-1.11,-1.11,,,,0.0,1,1,0,0,0,1
2017-10-22,4.44,4.44,,,,0.0,1,1,0,0,0,1
2017-10-23,-2.78,-2.78,,,,0.0,1,1,0,0,0,1
2017-10-24,-3.89,-3.89,,,,0.0,1,1,0,0,0,1
2017-10-25,13.33,13.33,,,,0.0,1,1,0,0,0,1
2017-10-26,-1.67,-1.67,,,,0.0,1,1,0,0,0,1
2017-10-27,-2.22,-2.22,,,,0.0,1,1,0,0,0,1
2017-10-28,3.33,3.33,,,,0.0,1,1,0,0,0,1
2017-10-29,2.78,2.78,,,,0.0,1,1,0,0,0,1
2017-10-30,-5.56,-5.56,,,,0.0,1,1,0,0,0,1
2017-10-31,-3.33,-3.33,,,,0.0,1,1,0,0,0,1
2017-11-01,-1.11,-1.11,,,,0.0,1,1,0,0,0,1
2017-11-02,-6.67,-6.67,,,,0.0,1,1,0,0,0,1
2017-11-03,-11.67,-11.67,,,,0.0,1,1,0,0,0,1
2017-11-04,-15.0,-15.0,,,,0.0,1,1,0,0,0,1
2017-11-05,-13.89,-13.89,,,,0.0,1,1,0,0,0,1
2017-11-06,-18.33,-18.33,,,,0.0,1,1,0,0,0,1
2017-11-07,-25.56,-25.56,,,,0.0,1,1,0,0,0,1
2017-11-08,-7.78,-7.78,,,,0.0,1,1,0,0,0,1
2017-11-09,-8.89,-8.89,,,,0.0,1,1,0,0,0,1
2017-11-10,-10.0,-10.0,,,,0.0,1,1,0,0,0,1
2017-11-11,-13.33,-13.33,,,,0.0,1,1,0,0,0,1
2017-11-12,-7.78,-7.78,,,,0.0,1,1,0,0,0,1
2017-11-13,-7.22,-7.22,,,,0.0,1,1,0,0,0,1
2017-11-14,-0.56,-0.56,,,,0.0,1,1,0,0,0,1
2017-11-15,-7.78,-7.78,,,,0.0,1,1,0,0,0,1
2017-11-16,-1.67,-1.67,,,,0.0,1,1,0,0,0,1
2017-11-17,-8.89,-8.89,,,,0.0,1,1,0,0,0,1
2017-11-18,-11.11,-11.11,,,,0.0,1,1,0,0,0,1
2017-11-19,-6.11,-6.11,,,,0.0,1,1,0,0,0,1
2017-11-20,1.67,1.67,,,,0.0,1,1,0,0,0,1
2017-11-21,-10.0,-10.0,,,,0.0,1,1,0,0,0,1
2017-11-22,8.33,8.33,,,,0.0,1,1,0,0,0,1
2017-11-23,11.67,11.67,,,,0.0,1,1,0,0,0,1
2017-11-24,0.56,0.56,,,,0.0,1,1,0,0,0,1
2017-11-25,3.33,3.33,,,,0.0,1,1,0,0,0,1
2017-11-26,1.67,1.67,,,,0.0,1,1,0,0,0,1
2017-11-27,0.56,0.56,,,,0.0,1,1,0,0,0,1
2017-11-28,-5.0,-5.0,,,,0.0,1,1,0,0,0,1
2017-11-29,3.33,3.33,,,,0.0,1,1,0,0,0,1
2017-11-30,1.11,1.11,,,,0.0,1,1,0,0,0,1
2017-12-01,-6.67,-6.67,,,,0.0,1,1,0,0,0,1
2017-12-02,-7.22,-7.22,,,,0.0,1,1,0,0,0,1
2017-12-03,-3.33,-3.33,,,,0.0,1,1,0,0,0,1
2017-12-04,-7.78,-7.78,,,,0.0,1,1,0,0,0,1
2017-12-05,-1.67,-1.67,,,,0.0,1,1,0,0,0,1
2017-12-06,-5.56,-5.56,,,,0.0,1,1,0,0,0,1
2017-12-07,-4.44,-4.44,,,,0.0,1,1,0,0,0,1
2017-12-08,-8.33,-8.33,,,,0.0,1,1,0,0,0,1
2017-12-09,-8.89,-8.89,,,,0.0,1,1,0,0,0,1
2017-12-10,1.67,1.67,,,,0.0,1,1,0,0,0,1
2017-12-11,-8.89,-8.89,,,,0.0,1,1,0,0,0,1
2017-12-12,-6.11,-6.11,,,,0.0,1,1,0,0,0,1
2017-12-13,-3.33,-3.33,,,,0.0,1,1,0,0,0,1
2017-12-14,-7.78,-7.78,,,,0.0,1,1,0,0,0,1
2017-12-15,5.56,5.56,,,,0.0,1,1,0,0,0,1
2017-12-16,-2.78,-2.78,,,,0.0,1,1,0,0,0,1
2017-12-17,-10.0,-10.0,,,,0.0,1,1,0,0,0,1
2017-12-18,1.67,1.67,,,,0.0,1,1,0,0,0,1
2017-12-19,-4.44,-4.44,,,,0.0,1,1,0,0,0,1
2017-12-20,-9.44,-9.44,,,,0.0,1,1,0,0,0,1
2017-12-21,-23.33,-23.33,,,,0.0,1,1,0,0,0,1
2017-12-22,-13.89,-13.89,,,,0.0,1,1,0,0,0,1
2017-12-23,-15.56,-15.56,,,,0.0,1,1,0,0,0,1
2017-12-24,-18.89,-18.89,,,,0.0,1,1,0,0,0,1
2017-12-25,-18.33,-18.33,,,,0.0,1,1,0,0,0,1
2017-12-26,-31.11,-31.11,,,,0.0,1,1,0,0,0,1
2017-12-27,-20.0,-20.0,,,,0.0,1,1,0,0,0,1
2017-12-28,-20.56,-20.56,,,,0.0,1,1,0,0,0,1
2017-12-29,-20.56,-20.56,,,,0.0,1,1,0,0,0,1
2017-12-30,-25.0,-25.0,,,,0.0,1,1,0,0,0,1
2017-12-31,-26.11,-26.11,,,,0.0,1,1,0,0,0,1
2018-01-01,-36.67,-36.67,,,,0.0,1,1,0,0,0,1
2018-01-02,-18.33,-18.33,,,,0.0,1,1,0,0,0,1
2018-01-03,-8.89,-8.89,,,,0.0,1,1,0,0,0,1
2018-01-04,-15.56,-15.56,,,,0.0,1,1,0,0,0,1
2018-01-05,-7.22,-7.22,,,,0.0,1,1,0,0,0,1
2018-01-06,1.67,1.67,,,,0.0,1,1,0,0,0,1
2018-01-07,-1.11,-1.11,,,,0.0,1,1,0,0,0,1
2018-01-08,2.78,2.78,,,,0.0,1,1,0,0,0,1
2018-01-09,1.67,1.67,,,,0.0,1,1,0,0,0,1
2018-01-10,-20.56,-20.56,,,,0.0,1,1,0,0,0,1
2018-01-11,-27.22,-27.22,,,,0.0,1,1,0,0,0,1
2018-01-12,-20.56,-20.56,,,,0.0,1,1,0,0,0,1
2018-01-13,-12.78,-12.78,,,,0.0,1,1,0,0,0,1
2018-01-14,-2.22,-2.22,,,,0.0,1,1,0,0,0,1
2018-01-15,-21.11,-21.11,,,,0.0,1,1,0,0,0,1
2018-01-16,-25.56,-25.56,,,,0.0,1,1,0,0,0,1
2018-01-17,-10.0,-10.0,,,,0.0,1,1,0,0,0,1
2018-01-18,-2.78,-2.78,,,,0.0,1,1,0,0,0,1
2018-01-19,-1.11,-1.11,,,,0.0,1,1,0,0,0,1
2018-01-20,-14.44,-14.44,,,,0.0,1,1,0,0,0,1
2018-01-21,-18.89,-18.89,,,,0.0,1,1,0,0,0,1
2018-01-22,-5.0,-5.0,,,,0.0,1,1,0,0,0,1
2018-01-23,-16.11,-16.11,,,,0.0,1,1,0,0,0,1
2018-01-24,,,,,,0.0,0,0,0,0,0,1
2018-01-25,-6.11,-6.11,,,,0.0,1,1,0,0,0,1
2018-01-26,-11.11,-11.11,,,,0.0,1,1,0,0,0,1
2018-01-27,-19.44,-19.44,,,,0.0,1,1,0,0,0,1
2018-01-28,-14.44,-14.44,,,,0.0,1,1,0,0,0,1
2018-01-29,-13.89,-13.89,,,,0.0,1,1,0,0,0,1
2018-01-30,0.0,0.0,,,,0.0,1,1,0,0,0,1
2018-01-31,-11.11,-11.11,,,,0.0,1,1,0,0,0,1
2018-02-01,-16.67,-16.67,,,,0.0,1,1,0,0,0,1
2018-02-02,-11.11,-11.11,,,,0.0,1,1,0,0,0,1
2018-02-03,-18.89,-18.89,,,,0.0,1,1,0,0,0,1
2018-02-04,-18.89,-18.89,,,,0.0,1,1,0,0,0,1
2018-02-05,-14.44,-14.44,,,,0.0,1,1,0,0,0,1
2018-02-06,-14.44,-14.44,,,,0.0,1,1,0,0,0,1
2018-02-07,-17.78,-17.78,,,,0.0,1,1,0,0,0,1
2018-02-08,-13.33,-13.33,,,,0.0,1,1,0,0,0,1
2018-02-09,-27.22,-27.22,,,,0.0,1,1,0,0,0,1
2018-02-10,-32.22,-32.22,,,,0.0,1,1,0,0,0,1
2018-02-11,-11.67,-11.67,,,,0.0,1,1,0,0,0,1
2018-02-12,-35.56,-35.56,,,,0.0,1,1,0,0,0,1
2018-02-13,-20.0,-20.0,,,,0.0,1,1,0,0,0,1
2018-02-14,-1.67,-1.67,,,,0.0,1,1,0,0,0,1
2018-02-15,,,,,,0.0,0,0,0,0,0,1
2018-02-16,-8.33,-8.33,,,,0.0,1,1,0,0,0,1
2018-02-17,-11.67,-11.67,,,,0.0,1,1,0,0,0,1
2018-02-18,-16.67,-16.67,,,,0.0,1,1,0,0,0,1
2018-02-19,-20.56,-20.56,,,,0.0,1,1,0,0,0,1
2018-02-20,-33.89,-33.89,,,,0.0,1,1,0,0,0,1
2018-02-21,-28.89,-28.89,,,,0.0,1,1,0,0,0,1
2018-02-22,-24.44,-24.44,,,,0.0,1,1,0,0,0,1
2018-02-23,-23.33,-23.33,,,,0.0,1,1,0,0,0,1
2018-02-24,-18.33,-18.33,,,,0.0,1,1,0,0,0,1
2018-02-25,-6.67,-6.67,,,,0.0,1,1,0,0,0,1
2018-02-26,-11.11,-11.11,,,,0.0,1,1,0,0,0,1
2018-02-27,-18.33,-18.33,,,,0.0,1,1,0,0,0,1
2018-02-28,-11.11,-11.11,,,,0.0,1,1,0,0,0,1
2018-03-01,-8.89,-8.89,,,,0.0,1,1,0,0,0,1
2018-03-02,-9.44,-9.44,,,,0.0,1,1,0,0,0,1
2018-03-03,-20.56,-20.56,,,,0.0,1,1,0,0,0,1
2018-03-04,-12.22,-12.22,,,,0.0,1,1,0,0,0,1
2018-03-05,-22.22,-22.22,,,,0.0,1,1,0,0,0,1
2018-03-06,-14.44,-14.44,,,,0.0,1,1,0,0,0,1
2018-03-07,-17.78,-17.78,,,,0.0,1,1,0,0,0,1
2018-03-08,-10.0,-10.0,,,,0.0,1,1,0,0,0,1
2018-03-09,-10.56,-10.56,,,,0.0,1,1,0,0,0,1
2018-03-10,-10.0,-10.0,,,,0.0,1,1,0,0,0,1
2018-03-11,-13.89,-13.89,,,,0.0,1,1,0,0,0,1
2018-03-12,-19.44,-19.44,,,,0.0,1,1,0,0,0,1
2018-03-13,-19.44,-19.44,,,,0.0,1,1,0,0,0,1
2018-03-14,-13.89,-13.89,,,,0.0,1,1,0,0,0,1
2018-03-15,-4.44,-4.44,,,,0.0,1,1,0,0,0,1
2018-03-16,-11.67,-11.67,,,,0.0,1,1,0,0,0,1
2018-03-17,-1.11,-1.11,,,,0.0,1,1,0,0,0,1
2018-03-18,-1.67,-1.67,,,,0.0,1,1,0,0,0,1
2018-03-19,-3.89,-3.89,,,,0.0,1,1,0,0,0,1
2018-03-20,-12.22,-12.22,,,,0.0,1,1,0,0,0,1
2018-03-21,-12.78,-12.78,,,,0.0,1,1,0,0,0,1
2018-03-22,0.0,0.0,,,,0.0,1,1,0,0,0,1
2018-03-23,1.11,1.11,,,,0.0,1,1,0,0,0,1
2018-03-24,-1.11,-1.11,,,,0.0,1,1,0,0,0,1
2018-03-25,-7.22,-7.22,,,,0.0,1,1,0,0,0,1
2018-03-26,-8.89,-8.89,,,,0.0,1,1,0,0,0,1
2018-03-27,1.67,1.67,,,,0.0,1,1,0,0,0,1
2018-03-28,-2.22,-2.22,,,,0.0,1,1,0,0,0,1
2018-03-29,-4.44,-4.44,,,,0.0,1,1,0,0,0,1
2018-03-30,-3.89,-3.89,,,,0.0,1,1,0,0,0,1
2018-03-31,-15.0,-15.0,,,,0.0,1,1,0,0,0,1
2018-04-01,-15.0,-15.0,,,,0.0,1,1,0,0,0,1
2018-04-02,-9.44,-9.44,,,,0.0,1,1,0,0,0,1
2018-04-03,-20.56,-20.56,,,,0.0,1,1,0,0,0,1
2018-04-04,-11.67,-11.67,,,,0.0,1,1,0,0,0,1
2018-04-05,-8.33,-8.33,,,,0.0,1,1,0,0,0,1
2018-04-06,-15.0,-15.0,,,,0.0,1,1,0,0,0,1
2018-04-07,-10.56,-10.56,,,,0.0,1,1,0,0,0,1
2018-04-08,-7.78,-7.78,,,,0.0,1,1,0,0,0,1
2018-04-09,-8.89,-8.89,,,,0.0,1,1,0,0,0,1
2018-04-10,-5.56,-5.56,,,,0.0,1,1,0,0,0,1
2018-04-11,2.78,2.78,,,,0.0,1,1,0,0,0,1
2018-04-12,-1.11,-1.11,,,,0.0,1,1,0,0,0,1
2018-04-13,-1.67,-1.67,,,,0.0,1,1,0,0,0,1
2018-04-14,1.67,1.67,,,,0.0,1,1,0,0,0,1
2018-04-15,0.0,0.0,,,,0.0,1,1,0,0,0,1
2018-04-16,0.56,0.56,,,,0.0,1,1,0,0,0,1
2018-04-17,1.11,1.11,,,,0.0,1,1,0,0,0,1
2018-04-18,1.11,1.11,,,,0.0,1,1,0,0,0,1
2018-04-19,3.89,3.89,,,,0.0,1,1,0,0,0,1
2018-04-20,0.56,0.56,,,,0.0,1,1,0,0,0,1
2018-04-21,2.78,2.78,,,,0.0,1,1,0,0,0,1
2018-04-22,3.33,3.33,,,,0.0,1,1,0,0,0,1
2018-04-23,3.89,3.89,,,,0.0,1,1,0,0,0,1
2018-04-24,3.33,3.33,,,,0.0,1,1,0,0,0,1
2018-04-25,1.67,1.67,,,,0.0,1,1,0,0,0,1
2018-04-26,,,,,,0.0,0,0,0,0,0,1
2018-04-27,13.33,13.33,,,,0.0,1,1,0,0,0,1
2018-04-28,11.11,11.11,,,,0.0,1,1,0,0,0,1
2018-04-29,11.11,11.11,,,,0.0,1,1,0,0,0,1
2018-04-30,3.33,3.33,,,,0.0,1,1,0,0,0,1
2018-05-01,4.44,4.44,,,,0.0,1,1,0,0,0,1
2018-05-02,5.0,5.0,,,,0.0,1,1,0,0,0,1
2018-05-03,10.0,10.0,,,,0.0,1,1,0,0,0,1
2018-05-04,13.33,13.33,,,,0.0,1,1,0,0,0,1
2018-05-05,12.22,12.22,,,,0.0,1,1,0,0,0,1
2018-05-06,11.67,11.67,,,,0.0,1,1,0,0,0,1
2018-05-07,12.22,12.22,,,,0.0,1,1,0,0,0,1
2018-05-08,12.78,12.78,,,,0.0,1,1,0,0,0,1
2018-05-09,,,,,,0.0,0,0,0,0,0,1
2018-05-10,7.22,7.22,,,,0.0,1,1,0,0,0,1
2018-05-11,2.78,2.78,,,,0.0,1,1,0,0,0,1
2018-05-12,2.78,2.78,,,,0.0,1,1,0,0,0,1
2018-05-13,8.33,8.33,,,,0.0,1,1,0,0,0,1
2018-05-14,16.11,16.11,,,,0.0,1,1,0,0,0,1
2018-05-15,12.78,12.78,,,,0.0,1,1,0,0,0,1
2018-05-16,13.33,13.33,,,,0.0,1,1,0,0,0,1
2018-05-17,,,,,,0.0,0,0,0,0,0,1
2018-05-18,,,,,,0.0,0,0,0,0,0,1
2018-05-19,7.22,7.22,,,,0.0,1,1,0,0,0,1
2018-05-20,,,,,,0.0,0,0,0,0,0,1
2018-05-21,16.67,16.67,,,,0.0,1,1,0,0,0,1
2018-05-22,17.22,17.22,,,,0.0,1,1,0,0,0,1
2018-05-23,15.0,15.0,,,,0.0,1,1,0,0,0,1
2018-05-24,13.89,13.89,,,,0.0,1,1,0,0,0,1
2018-05-25,17.22,17.22,,,,0.0,1,1,0,0,0,1
2018-05-26,16.11,16.11,,,,0.0,1,1,0,0,0,1
2018-05-27,,,,,,0.0,0,0,0,0,0,1
2018-05-28,,,,,,0.0,0,0,0,0,0,1
2018-05-29,14.44,14.44,,,,0.0,1,1,0,0,0,1
2018-05-30,12.78,12.78,,,,0.0,1,1,0,0,0,1
2018-05-31,10.0,10.0,,,,0.0,1,1,0,0,0,1
2018-06-01,8.89,8.89,,,,0.0,1,1,0,0,0,1
2018-06-02,10.56,10.56,,,,0.0,1,1,0,0,0,1
2018-06-03,12.22,12.22,,,,0.0,1,1,0,0,0,1
2018-06-04,14.44,14.44,,,,0.0,1,1,0,0,0,1
2018-06-05,,,,,,0.0,0,0,0,0,0,1
2018-06-06,,,,,,0.0,0,0,0,0,0,1
2018-06-07,15.56,15.56,,,,0.0,1,1,0,0,0,1
2018-06-08,16.11,16.11,,,,0.0,1,1,0,0,0,1
2018-06-09,18.33,18.33,,,,0.0,1,1,0,0,0,1
2018-06-10,,,,,,0.0,0,0,0,0,0,1
2018-06-11,,,,,,0.0,0,0,0,0,0,1
2018-06-12,10.56,10.56,,,,0.0,1,1,0,0,0,1
2018-06-13,14.44,14.44,,,,0.0,1,1,0,0,0,1
2018-06-14,7.78,7.78,,,,0.0,1,1,0,0,0,1
2018-06-15,10.0,10.0,,,,0.0,1,1,0,0,0,1
2018-06-16,12.78,12.78,,,,0.0,1,1,0,0,0,1
2018-06-17,11.67,11.67,,,,0.0,1,1,0,0,0,1
2018-06-18,12.22,12.22,,,,0.0,1,1,0,0,0,1
2018-06-19,12.22,12.22,,,,0.0,1,1,0,0,0,1
2018-06-20,15.56,15.56,,,,0.0,1,1,0,0,0,1
2018-06-21,16.11,16.11,,,,0.0,1,1,0,0,0,1
2018-06-22,16.11,16.11,,,,0.0,1,1,0,0,0,1
2018-06-23,13.89,13.89,,,,0.0,1,1,0,0,0,1
2018-06-24,14.44,14.44,,,,0.0,1,1,0,0,0,1
2018-06-25,17.22,17.22,,,,0.0,1,1,0,0,0,1
2018-06-26,16.67,16.67,,,,0.0,1,1,0,0,0,1
2018-06-27,13.33,13.33,,,,0.0,1,1,0,0,0,1
2018-06-28,14.44,14.44,,,,0.0,1,1,0,0,0,1
2018-06-29,11.67,11.67,,,,0.0,1,1,0,0,0,1
2018-06-30,,,,,,0.0,0,0,0,0,0,1
2018-07-01,13.89,13.89,,,,0.0,1,1,0,0,0,1
2018-07-02,13.89,13.89,,,,0.0,1,1,0,0,0,1
2018-07-03,,,,,,0.0,0,0,0,0,0,1
2018-07-04,,,,,,0.0,0,0,0,0,0,1
2018-07-05,16.11,16.11,,,,0.0,1,1,0,0,0,1
2018-07-06,20.0,20.0,,,,0.0,1,1,0,0,0,1
2018-07-07,19.44,19.44,,,,0.0,1,1,0,0,0,1
2018-07-08,15.56,15.56,,,,0.0,1,1,0,0,0,1
2018-07-09,20.0,20.0,,,,0.0,1,1,0,0,0,1
2018-07-10,,,,,,0.0,0,0,0,0,0,1
2018-07-11,14.44,14.44,,,,0.0,1,1,0,0,0,1
2018-07-12,16.11,16.11,,,,0.0,1,1,0,0,0,1
2018-07-13,16.11,16.11,,,,0.0,1,1,0,0,0,1
2018-07-14,13.89,13.89,,,,0.0,1,1,0,0,0,1
2018-07-15,16.11,16.11,,,,0.0,1,1,0,0,0,1
2018-07-16,16.67,16.67,,,,0.0,1,1,0,0,0,1
2018-07-17,20.0,20.0,,,,0.0,1,1,0,0,0,1
2018-07-18,17.78,17.78,,,,0.0,1,1,0,0,0,1
2018-07-19,,,,,,0.0,0,0,0,0,0,1
2018-07-20,18.33,18.33,,,,0.0,1,1,0,0,0,1
2018-07-21,15.0,15.0,,,,0.0,1,1,0,0,0,1
2018-07-22,13.89,13.89,,,,0.0,1,1,0,0,0,1
2018-07-23,13.89,13.89,,,,0.0,1,1,0,0,0,1
2018-07-24,14.44,14.44,,,,0.0,1,1,0,0,0,1
2018-07-25,12.78,12.78,,,,0.0,1,1,0,0,0,1
2018-07-26,15.56,15.56,,,,0.0,1,1,0,0,0,1
2018-07-27,12.78,12.78,,,,0.0,1,1,0,0,0,1
2018-07-28,15.56,15.56,,,,0.0,1,1,0,0,0,1
2018-07-29,14.44,14.44,,,,0.0,1,1,0,0,0,1
2018-07-30,13.89,13.89,,,,0.0,1,1,0,0,0,1
2018-07-31,17.22,17.22,,,,0.0,1,1,0,0,0,1
2018-08-01,18.33,18.33,,,,0.0,1,1,0,0,0,1
2018-08-02,18.33,18.33,,,,0.0,1,1,0,0,0,1
2018-08-03,11.67,11.67,,,,0.0,1,1,0,0,0,1
2018-08-04,15.56,15.56,,,,0.0,1,1,0,0,0,1
2018-08-05,12.22,12.22,,,,0.0,1,1,0,0,0,1
2018-08-06,12.78,12.78,,,,0.0,1,1,0,0,0,1
2018-08-07,14.44,14.44,,,,0.0,1,1,0,0,0,1
2018-08-08,15.0,15.0,,,,0.0,1,1,0,0,0,1
2018-08-09,15.56,15.56,,,,0.0,1,1,0,0,0,1
2018-08-10,16.11,16.11,,,,0.0,1,1,0,0,0,1
2018-08-11,17.78,17.78,,,,0.0,1,1,0,0,0,1
2018-08-12,14.44,14.44,,,,0.0,1,1,0,0,0,1
2018-08-13,10.0,10.0,,,,0.0,1,1,0,0,0,1
2018-08-14,10.0,10.0,,,,0.0,1,1,0,0,0,1
2018-08-15,11.11,11.11,,,,0.0,1,1,0,0,0,1
2018-08-16,16.11,16.11,,,,0.0,1,1,0,0,0,1
2018-08-17,13.33,13.33,,,,0.0,1,1,0,0,0,1
2018-08-18,18.33,18.33,,,,0.0,1,1,0,0,0,1
2018-08-19,11.67,11.67,,,,0.0,1,1,0,0,0,1
2018-08-20,11.11,11.11,,,,0.0,1,1,0,0,0,1
2018-08-21,5.56,5.56,,,,0.0,1,1,0,0,0,1
2018-08-22,9.44,9.44,,,,0.0,1,1,0,0,0,1
2018-08-23,7.78,7.78,,,,0.0,1,1,0,0,0,1
2018-08-24,13.89,13.89,,,,0.0,1,1,0,0,0,1
2018-08-25,4.44,4.44,,,,0.0,1,1,0,0,0,1
2018-08-26,12.78,12.78,,,,0.0,1,1,0,0,0,1
2018-08-27,9.44,9.44,,,,0.0,1,1,0,0,0,1
2018-08-28,1.67,1.67,,,,0.0,1,1,0,0,0,1
2018-08-29,7.22,7.22,,,,0.0,1,1,0,0,0,1
2018-08-30,12.22,12.22,,,,0.0,1,1,0,0,0,1
2018-08-31,7.78,7.78,,,,0.0,1,1,0,0,0,1
2018-09-01,13.89,13.89,,,,0.0,1,1,0,0,0,1
2018-09-02,6.67,6.67,,,,0.0,1,1,0,0,0,1
2018-09-03,10.0,10.0,,,,0.0,1,1,0,0,0,1
2018-09-04,6.11,6.11,,,,0.0,1,1,0,0,0,1
2018-09-05,8.33,8.33,,,,0.0,1,1,0,0,0,1
2018-09-06,7.78,7.78,,,,0.0,1,1,0,0,0,1
2018-09-07,13.89,13.89,,,,0.0,1,1,0,0,0,1
2018-09-08,8.33,8.33,,,,0.0,1,1,0,0,0,1
2018-09-09,12.78,12.78,,,,0.0,1,1,0,0,0,1
2018-09-10,8.33,8.33,,,,0.0,1,1,0,0,0,1
2018-09-11,7.78,7.78,,,,0.0,1,1,0,0,0,1
2018-09-12,5.56,5.56,,,,0.0,1,1,0,0,0,1
2018-09-13,1.11,1.11,,,,0.0,1,1,0,0,0,1
2018-09-14,0.56,0.56,,,,0.0,1,1,0,0,0,1
2018-09-15,7.78,7.78,,,,0.0,1,1,0,0,0,1
2018-09-16,6.67,6.67,,,,0.0,1,1,0,0,0,1
2018-09-17,6.11,6.11,,,,0.0,1,1,0,0,0,1
2018-09-18,6.11,6.11,,,,0.0,1,1,0,0,0,1
2018-09-19,5.56,5.56,,,,0.0,1,1,0,0,0,1
2018-09-20,6.11,6.11,,,,0.0,1,1,0,0,0,1
2018-09-21,3.33,3.33,,,,0.0,1,1,0,0,0,1
2018-09-22,3.89,3.89,,,,0.0,1,1,0,0,0,1
2018-09-23,5.0,5.0,,,,0.0,1,1,0,0,0,1
2018-09-24,4.44,4.44,,,,0.0,1,1,0,0,0,1
2018-09-25,,,,,,0.0,0,0,0,0,0,1
2018-09-26,5.0,5.0,,,,0.0,1,1,0,0,0,1
