Date,tn,tx,td,rh,ff,sr,tn_QC,tx_QC,td_QC,rh_QC,ff_QC,sr_QC
2017-02-18,-2.22,5.0,,85.53719008264463,4.02,1611.0,1,1,0,1,1,1
2017-02-19,-1.11,6.11,,92.05555555555556,5.37,433.0,1,1,0,1,1,1
2017-02-20,-2.22,10.56,,82.81944444444444,2.68,3113.0,1,1,0,1,1,1
2017-02-21,-1.67,7.78,,84.72340425531915,3.13,1869.0,1,1,0,1,1,1
2017-02-22,-2.22,1.67,,89.64583333333333,4.02,784.0,1,1,0,1,1,1
2017-02-23,-5.0,0.0,,88.46853146853147,2.23,1143.0,1,1,0,1,1,1
2017-02-24,-6.67,-1.11,,87.37762237762237,2.23,1716.0,1,1,0,1,1,1
2017-02-25,-13.89,-1.67,,88.83333333333333,2.01,2793.0,1,1,0,1,1,1
2017-02-26,-14.44,-5.0,,85.0625,0.9,2643.0,1,1,0,1,1,1
2017-02-27,-14.44,-7.22,,83.2867132867133,2.23,1509.0,1,1,0,1,1,1
2017-02-28,-14.44,-5.0,,89.26573426573427,2.68,1786.0,1,1,0,1,1,1
2017-03-01,-12.22,1.67,,85.26865671641791,2.23,2934.0,1,1,0,1,1,1
2017-03-02,-12.78,-0.56,,81.37588652482269,3.13,1317.0,1,1,0,1,1,1
2017-03-03,-5.56,10.0,,77.80555555555556,3.13,1508.0,1,1,0,1,1,1
2017-03-04,-0.56,11.11,,75.31944444444444,1.565,1991.0,1,1,0,1,1,1
2017-03-05,-1.11,13.33,,78.19444444444444,2.23,4072.0,1,1,0,1,1,1
2017-03-06,-10.0,2.78,,88.33333333333333,8.05,1742.0,1,1,0,1,1,1
2017-03-07,-12.22,-3.33,,78.40277777777777,10.28,2123.0,1,1,0,1,1,1
2017-03-08,-13.33,-6.11,,75.76388888888889,4.02,1656.0,1,1,0,1,1,1
2017-03-09,-15.56,-7.78,,82.72727272727273,4.47,1201.0,1,1,0,1,1,1
2017-03-10,-17.78,-13.33,,82.75694444444444,7.15,2954.0,1,1,0,1,1,1
2017-03-11,-22.22,-11.11,,83.61805555555556,3.58,2451.0,1,1,0,1,1,1
2017-03-12,-14.44,-12.22,,84.42361111111111,5.81,5665.0,1,1,0,1,1,1
2017-03-13,-21.67,-8.89,,84.97222222222223,3.13,2860.0,1,1,0,1,1,1
2017-03-14,-12.78,0.56,,86.71126760563381,2.23,5825.0,1,1,0,1,1,1
2017-03-15,-1.67,12.78,,86.25,2.23,2482.0,1,1,0,1,1,1
2017-03-16,3.33,11.67,,84.90277777777777,2.23,2389.0,1,1,0,1,1,1
2017-03-17,-0.56,7.22,,84.25694444444444,3.8,1288.0,1,1,0,1,1,1
2017-03-18,-0.56,16.11,,79.0625,4.02,2251.0,1,1,0,1,1,1
2017-03-19,3.89,15.56,,68.22222222222223,5.37,3976.0,1,1,0,1,1,1
2017-03-20,-2.78,7.22,,65.88888888888889,3.13,6728.0,1,1,0,1,1,1
2017-03-21,-8.33,2.78,,72.8125,3.8,5457.0,1,1,0,1,1,1
2017-03-22,-1.11,15.56,,78.23611111111111,6.48,2362.0,1,1,0,1,1,1
2017-03-23,1.67,15.56,,68.77777777777777,3.13,5068.0,1,1,0,1,1,1
2017-03-24,-2.78,15.56,,67.33333333333333,2.23,2799.0,1,1,0,1,1,1
2017-03-25,2.78,15.56,,53.048611111111114,5.37,2699.0,1,1,0,1,1,1
2017-03-26,-0.56,14.44,,54.11805555555556,2.68,2987.0,1,1,0,1,1,1
2017-03-27,0.56,12.78,,61.208333333333336,2.23,2752.0,1,1,0,1,1,1
2017-03-28,0.0,16.11,,76.38194444444444,3.13,2124.0,1,1,0,1,1,1
2017-03-29,-1.11,16.67,,61.576388888888886,2.68,4046.0,1,1,0,1,1,1
2017-03-30,3.33,17.22,,54.951388888888886,2.23,7445.0,1,1,0,1,1,1
2017-03-31,2.22,15.56,,76.00709219858156,4.92,3221.0,1,1,0,1,1,1
2017-04-01,-1.11,13.89,,81.3644859813084,3.13,2093.0,1,1,0,1,1,1
2017-04-02,1.11,15.0,,64.8256880733945,4.02,1623.0,1,1,0,1,1,1
2017-04-03,0.0,13.33,,80.2,0.9,3109.0,1,1,0,1,1,1
2017-04-04,-0.56,11.11,,82.33684210526316,3.13,2008.0,1,1,0,1,1,1
2017-04-05,-2.78,12.22,,69.38571428571429,2.23,2031.0,1,1,0,1,1,1
2017-04-06,17.78,18.89,,34.578947368421055,7.15,1722.0,1,1,0,1,1,1
2017-04-07,4.44,21.67,,52.302083333333336,3.13,3587.0,1,1,0,1,1,1
2017-04-08,3.89,20.56,,53.596330275229356,5.37,4639.0,1,1,0,1,1,1
2017-04-09,-2.22,17.22,,70.3781512605042,5.81,4374.0,1,1,0,1,1,1
2017-04-10,-3.89,11.11,,72.16822429906541,3.13,2354.0,1,1,0,1,1,1
2017-04-11,-1.67,12.78,,62.4392523364486,4.47,3937.0,1,1,0,1,1,1
2017-04-12,-1.67,14.44,,61.01176470588236,2.23,3415.0,1,1,0,1,1,1
2017-04-13,2.78,21.67,,52.053763440860216,7.15,4920.0,1,1,0,1,1,1
2017-04-14,3.33,20.56,,66.71134020618557,8.05,5040.0,1,1,0,1,1,1
2017-04-15,-1.67,14.44,,64.54945054945055,3.58,2167.0,1,1,0,1,1,1
2017-04-16,-2.78,10.56,,72.53846153846153,5.37,3387.0,1,1,0,1,1,1
2017-04-17,-10.0,10.0,,68.07920792079207,4.47,3160.0,1,1,0,1,1,1
2017-04-18,-2.78,18.33,,60.98989898989899,2.68,7264.0,1,1,0,1,1,1
2017-04-19,2.22,16.67,,77.85576923076923,3.355,4729.0,1,1,0,1,1,1
2017-04-20,-1.11,15.56,,75.13592233009709,3.58,6649.0,1,1,0,1,1,1
2017-04-21,0.56,17.78,,68.19354838709677,3.13,5751.0,1,1,0,1,1,1
2017-04-22,3.33,17.22,,81.96153846153847,3.58,3681.0,1,1,0,1,1,1
2017-04-23,-1.11,7.22,,93.36363636363636,7.6,2288.0,1,1,0,1,1,1
2017-04-24,-1.67,2.22,,94.5391304347826,3.58,5881.0,1,1,0,1,1,1
2017-04-25,-2.78,3.89,,86.85849056603773,5.37,4062.0,1,1,0,1,1,1
2017-04-26,-0.56,9.44,,68.42857142857143,4.47,7390.0,1,1,0,1,1,1
2017-04-27,-3.89,11.67,,60.70103092783505,4.02,7064.0,1,1,0,1,1,1
2017-04-28,1.67,14.44,,41.36,2.23,5382.0,1,1,0,1,1,1
2017-04-29,-2.78,16.67,,65.47863247863248,2.23,8492.0,1,1,0,1,1,1
2017-04-30,0.56,18.89,,60.666666666666664,2.23,6278.0,1,1,0,1,1,1
2017-05-01,3.33,15.56,,81.11016949152543,5.37,5381.0,1,1,0,1,1,1
2017-05-02,-0.56,14.44,,78.19166666666666,3.58,6268.0,1,1,0,1,1,1
2017-05-03,0.56,18.33,,69.60344827586206,3.58,7255.0,1,1,0,1,1,1
2017-05-04,3.89,26.11,,50.06086956521739,2.23,6637.0,1,1,0,1,1,1
2017-05-05,8.89,28.89,,47.900826446280995,1.79,7742.0,1,1,0,1,1,1
2017-05-06,8.89,31.67,,49.14035087719298,3.58,7589.0,1,1,0,1,1,1
2017-05-07,15.0,31.11,,52.47222222222222,4.02,5567.0,1,1,0,1,1,1
2017-05-08,4.44,17.78,,74.67543859649123,7.15,7965.0,1,1,0,1,1,1
2017-05-09,2.78,22.22,,54.88235294117647,1.34,8535.0,1,1,0,1,1,1
2017-05-10,6.11,20.56,,48.20754716981132,3.13,5090.0,1,1,0,1,1,1
2017-05-11,6.67,27.78,,47.54205607476636,2.68,8444.0,1,1,0,1,1,1
2017-05-12,8.33,30.0,,45.1,3.13,9776.0,1,1,0,1,1,1
2017-05-13,10.0,28.89,,62.40869565217391,6.26,7750.0,1,1,0,1,1,1
2017-05-14,2.78,19.44,,61.336,5.37,5999.0,1,1,0,1,1,1
2017-05-15,2.78,17.78,,64.60833333333333,2.68,5023.0,1,1,0,1,1,1
2017-05-16,0.56,18.89,,66.08928571428571,1.34,9603.0,1,1,0,1,1,1
2017-05-17,5.56,17.78,,67.4770642201835,6.7,7065.0,1,1,0,1,1,1
2017-05-18,-1.11,14.44,,61.724137931034484,3.8,10535.0,1,1,0,1,1,0
2017-05-19,-0.56,17.22,,41.243478260869566,3.13,2443.0,1,1,0,1,1,1
2017-05-20,3.89,20.56,,42.60952380952381,2.23,25115.0,1,1,0,1,1,0
2017-05-21,5.56,21.11,,55.288288288288285,4.02,29379.0,1,1,0,1,1,0
2017-05-22,6.11,19.44,,66.548,4.47,36761.0,1,1,0,1,1,0
2017-05-23,3.89,22.22,,42.67181467181467,2.68,40409.0,1,1,0,1,1,0
2017-05-24,9.44,27.78,,37.71887550200803,5.37,34509.0,1,1,0,1,1,0
2017-05-25,3.89,19.44,,65.94017094017094,7.15,18827.0,1,1,0,1,1,0
2017-05-26,5.0,18.89,,67.17573221757323,7.15,34356.0,1,1,0,1,1,0
2017-05-27,5.56,24.44,,58.28853754940712,4.02,36299.0,1,1,0,1,1,0
2017-05-28,6.11,22.78,,49.41698841698842,5.37,40324.0,1,1,0,1,1,0
2017-05-29,4.44,20.0,,49.310204081632655,4.02,37633.0,1,1,0,1,1,0
2017-05-30,4.44,22.22,,41.84297520661157,2.68,38934.0,1,1,0,1,1,0
2017-05-31,3.89,27.78,,38.88709677419355,3.58,40587.0,1,1,0,1,1,0
2017-06-01,10.56,34.44,,38.99588477366255,4.02,38926.0,1,1,0,1,1,0
2017-06-02,12.22,33.33,,55.17427385892116,5.81,37798.0,1,1,0,1,1,0
2017-06-03,7.78,29.44,,41.19455252918288,3.13,43613.0,1,1,0,1,1,0
2017-06-04,12.78,33.33,,30.575875486381324,2.68,40421.0,1,1,0,1,1,0
2017-06-05,17.78,31.67,,38.32421875,6.26,36406.0,1,1,0,1,1,0
2017-06-06,7.22,22.78,,57.283400809716596,5.81,41621.0,1,1,0,1,1,0
2017-06-07,6.67,26.67,,39.995850622406635,2.23,38742.0,1,1,0,1,1,0
2017-06-08,10.56,30.0,,46.48051948051948,4.02,34965.0,1,1,0,1,1,0
2017-06-09,14.44,29.44,,52.06926406926407,5.81,35008.0,1,1,0,1,1,0
2017-06-10,9.44,25.56,,39.23853211009175,4.02,38089.0,1,1,0,1,1,0
2017-06-11,8.33,23.89,,43.05957446808511,4.02,39133.0,1,1,0,1,1,0
2017-06-12,10.0,27.78,,41.08606557377049,3.13,38675.0,1,1,0,1,1,0
2017-06-13,13.33,25.56,,74.43347639484979,8.05,20774.0,1,1,0,1,1,0
2017-06-14,11.67,17.22,,89.05581395348837,4.47,17140.0,1,1,0,1,1,0
2017-06-15,9.44,23.33,,81.00411522633745,4.47,37141.0,1,1,0,1,1,0
2017-06-16,10.56,23.33,,66.80701754385964,3.13,29767.0,1,1,0,1,1,0
2017-06-17,8.89,21.67,,66.22907488986785,5.81,32276.0,1,1,0,1,1,0
2017-06-18,7.78,23.33,,54.313559322033896,3.13,30765.0,1,1,0,1,1,0
2017-06-19,8.33,26.67,,58.731404958677686,2.68,38733.0,1,1,0,1,1,0
2017-06-20,10.56,29.44,,46.88353413654618,2.68,31278.0,1,1,0,1,1,0
2017-06-21,13.89,29.44,,52.182978723404254,4.47,35609.0,1,1,0,1,1,0
2017-06-22,6.67,23.33,,73.25833333333334,5.81,34180.0,1,1,0,1,1,0
2017-06-23,3.89,18.33,,72.31764705882352,6.26,36214.0,1,1,0,1,1,0
2017-06-24,3.89,20.56,,54.38194444444444,2.68,44208.0,1,1,0,1,1,0
2017-06-25,7.22,23.89,,47.916666666666664,2.23,44685.0,1,1,0,1,1,0
2017-06-26,6.67,30.0,,46.895833333333336,3.58,45580.0,1,1,0,1,1,0
2017-06-27,15.0,29.44,,42.42857142857143,4.47,37135.0,1,1,0,1,1,0
2017-06-28,9.44,25.56,,55.41319444444444,3.58,37990.0,1,1,0,1,1,0
2017-06-29,8.89,23.89,,64.78472222222223,4.02,46240.0,1,1,0,1,1,0
2017-06-30,5.0,27.78,,57.88214285714286,2.68,41343.0,1,1,0,1,1,0
2017-07-01,11.11,27.22,,45.6,2.68,46576.0,1,1,0,1,1,0
2017-07-02,12.78,33.89,,57.80902777777778,3.58,44219.0,1,1,0,1,1,0
2017-07-03,16.67,37.22,,46.84375,1.79,45265.0,1,1,0,1,1,0
2017-07-04,17.78,35.56,,47.361111111111114,3.13,45927.0,1,1,0,1,1,0
2017-07-05,13.89,36.67,,47.56944444444444,3.13,45958.0,1,1,0,1,1,0
2017-07-06,14.44,33.89,,44.65833333333333,3.13,35920.0,1,1,0,1,1,0
2017-07-07,13.33,33.33,,39.364444444444445,3.58,35821.0,1,1,0,1,1,0
2017-07-08,15.0,40.56,,36.85648148148148,2.68,29146.0,1,1,0,1,1,0
2017-07-09,17.22,36.11,,45.43555555555555,4.02,36546.0,1,1,0,1,1,0
2017-07-10,18.33,39.44,,41.83582089552239,3.58,24615.0,1,1,0,1,1,0
2017-07-11,16.67,32.22,,55.85,2.68,1577.0,1,1,0,1,1,1
2017-07-12,,,,,,0.0,0,0,0,0,0,1
2017-07-13,,,,,,0.0,0,0,0,0,0,1
2017-07-14,,,,,,0.0,0,0,0,0,0,1
2017-07-15,,,,,,0.0,0,0,0,0,0,1
2017-07-16,,,,,,0.0,0,0,0,0,0,1
2017-07-17,,,,,,0.0,0,0,0,0,0,1
2017-07-18,,,,,,0.0,0,0,0,0,0,1
2017-07-19,,,,,,0.0,0,0,0,0,0,1
2017-07-20,,,,,,0.0,0,0,0,0,0,1
2017-07-21,,,,,,0.0,0,0,0,0,0,1
2017-07-22,,,,,,0.0,0,0,0,0,0,1
2017-07-23,,,,,,0.0,0,0,0,0,0,1
2017-07-24,12.78,12.78,,60.0,0.0,0.0,1,1,0,1,1,1
2017-07-25,12.78,12.78,,60.0,0.0,0.0,1,1,0,1,1,1
2017-07-26,,,,,,0.0,0,0,0,0,0,1
2017-07-27,,,,,,0.0,0,0,0,0,0,1
2017-07-28,,,,,,0.0,0,0,0,0,0,1
2017-07-29,,,,,,0.0,0,0,0,0,0,1
2017-07-30,,,,,,0.0,0,0,0,0,0,1
2017-07-31,,,,,,0.0,0,0,0,0,0,1
2017-08-01,,,,,,0.0,0,0,0,0,0,1
2017-08-02,,,,,,0.0,0,0,0,0,0,1
2017-08-03,,,,,,0.0,0,0,0,0,0,1
2017-08-04,18.89,23.89,,27.459016393442624,5.81,10528.0,1,1,0,1,1,0
2017-08-05,13.33,23.33,,58.635416666666664,6.925000000000001,35011.0,1,1,0,1,1,0
2017-08-06,9.44,23.89,,67.28819444444444,1.34,53223.0,1,1,0,1,1,0
2017-08-07,8.89,27.78,,50.289198606271775,0.9,76020.0,1,1,0,1,1,0
2017-08-08,11.11,26.67,,45.12237762237762,1.34,44070.0,1,1,0,1,1,0
2017-08-09,10.56,23.33,,64.38675958188153,4.02,63108.0,1,1,0,1,1,0
2017-08-10,7.78,27.22,,63.635416666666664,1.34,65671.0,1,1,0,1,1,0
2017-08-11,9.44,26.11,,55.3826714801444,2.23,32643.0,1,1,0,1,1,0
2017-08-12,11.11,26.11,,61.666666666666664,3.13,43188.0,1,1,0,1,1,0
2017-08-13,9.44,26.67,,61.359550561797754,5.37,44084.0,1,1,0,1,1,0
2017-08-14,14.44,25.56,,63.58951965065502,4.47,21433.0,1,1,0,1,1,0
2017-08-15,8.89,27.22,,71.775,2.23,61468.0,1,1,0,1,1,0
2017-08-16,9.44,32.22,,44.866920152091254,1.34,51313.0,1,1,0,1,1,0
2017-08-17,11.11,28.33,,47.00833333333333,2.23,44428.0,1,1,0,1,1,0
2017-08-18,10.56,32.78,,52.52447552447553,0.9,26850.0,1,1,0,1,1,0
2017-08-19,11.67,30.56,,37.955555555555556,3.58,18241.0,1,1,0,1,1,0
2017-08-20,6.67,26.67,,36.08,1.34,4696.0,1,1,0,1,1,1
2017-08-21,11.11,25.56,,35.625,2.9050000000000002,4581.0,1,1,0,1,1,1
2017-08-22,8.89,29.44,,31.333333333333332,1.34,5546.0,1,1,0,1,1,1
2017-08-23,12.22,33.89,,28.857142857142858,1.12,4430.0,1,1,0,1,1,1
2017-08-24,11.67,34.44,,44.291666666666664,4.47,4409.0,1,1,0,1,1,1
2017-08-25,15.56,33.33,,47.5,2.9050000000000002,5183.0,1,1,0,1,1,1
2017-08-26,13.33,31.67,,44.875,2.9050000000000002,5171.0,1,1,0,1,1,1
2017-08-27,10.0,31.67,,27.458333333333332,2.01,5630.0,1,1,0,1,1,1
2017-08-28,13.89,35.0,,26.708333333333332,1.565,5530.0,1,1,0,1,1,1
2017-08-29,15.0,33.33,,25.99173553719008,6.26,42342.0,1,1,0,1,1,0
2017-08-30,13.89,33.89,,46.60698689956332,6.26,46869.0,1,1,0,1,1,0
2017-08-31,15.56,32.78,,57.38502673796791,4.02,15828.0,1,1,0,1,1,0
2017-09-01,0.0,27.78,,48.81818181818182,3.13,31748.0,1,1,0,1,1,0
2017-09-02,11.11,33.33,,36.800970873786405,1.34,43459.0,1,1,0,1,1,0
2017-09-03,12.78,31.67,,36.525252525252526,3.13,37370.0,1,1,0,1,1,0
2017-09-04,8.33,24.44,,49.65238095238095,4.47,45190.0,1,1,0,1,1,0
2017-09-05,5.0,24.44,,42.34234234234234,0.9,51462.0,1,1,0,1,1,0
2017-09-06,7.22,30.0,,26.16826923076923,0.9,50188.0,1,1,0,1,1,0
2017-09-07,8.89,31.67,,15.757446808510638,0.9,49302.0,1,1,0,1,1,0
2017-09-08,8.33,32.78,,33.3574144486692,3.58,57090.0,1,1,0,1,1,0
2017-09-09,10.56,32.22,,40.892561983471076,3.58,39998.0,1,1,0,1,1,0
2017-09-10,17.22,30.0,,32.24550898203593,2.68,24786.0,1,1,0,1,1,0
2017-09-11,9.44,32.78,,36.427083333333336,2.23,18175.0,1,1,0,1,1,0
2017-09-12,11.11,30.0,,31.03030303030303,2.23,2061.0,1,1,0,1,1,1
2017-09-13,10.56,25.56,,49.60655737704918,2.68,25205.0,1,1,0,1,1,0
2017-09-14,7.78,25.0,,78.52777777777777,4.47,9096.0,1,1,0,1,1,1
2017-09-15,6.11,8.89,,88.94495412844037,4.92,7283.0,1,1,0,1,1,1
2017-09-16,4.44,9.44,,88.04938271604938,3.13,12575.0,1,1,0,1,1,0
2017-09-17,1.67,18.33,,80.95530726256983,1.34,29880.0,1,1,0,1,1,0
2017-09-18,2.78,21.67,,64.32926829268293,0.9,21679.0,1,1,0,1,1,0
2017-09-19,8.89,20.0,,69.17333333333333,3.355,14041.0,1,1,0,1,1,0
2017-09-20,0.56,20.0,,66.5939393939394,2.68,24835.0,1,1,0,1,1,0
2017-09-21,3.33,17.22,,55.54651162790697,2.9050000000000002,29406.0,1,1,0,1,1,0
2017-09-22,3.33,13.33,,70.23626373626374,2.23,6878.0,1,1,0,1,1,1
2017-09-23,3.33,9.44,,78.56687898089172,0.45,16271.0,1,1,0,1,1,0
2017-09-24,5.0,11.67,,75.6875,0.45,22211.0,1,1,0,1,1,0
2017-09-25,1.67,14.44,,74.04861111111111,0.9,29505.0,1,1,0,1,1,0
2017-09-26,-1.11,20.56,,73.29166666666667,2.23,43067.0,1,1,0,1,1,0
2017-09-27,6.11,22.78,,57.99652777777778,2.23,43418.0,1,1,0,1,1,0
2017-09-28,6.67,22.78,,54.510416666666664,1.34,43065.0,1,1,0,1,1,0
2017-09-29,5.0,23.89,,61.52857142857143,3.58,30652.0,1,1,0,1,1,0
2017-09-30,6.67,21.11,,69.59872611464968,4.02,13882.0,1,1,0,1,1,0
2017-10-01,7.78,18.33,,76.04635761589404,3.58,8870.0,1,1,0,1,1,1
2017-10-02,1.67,8.33,,85.96363636363637,7.6,8007.0,1,1,0,1,1,1
2017-10-03,0.56,5.56,,93.52459016393442,5.81,3001.0,1,1,0,1,1,1
2017-10-04,-2.78,12.22,,85.93103448275862,4.02,1989.0,1,1,0,1,1,1
2017-10-05,-1.11,13.89,,68.3157894736842,1.34,1721.0,1,1,0,1,1,1
2017-10-06,-1.67,20.56,,67.375,2.23,3367.0,1,1,0,1,1,1
2017-10-07,3.89,15.56,,55.791666666666664,4.47,1991.0,1,1,0,1,1,1
2017-10-08,-3.89,8.89,,74.75,4.47,2686.0,1,1,0,1,1,1
2017-10-09,-7.78,15.0,,62.391304347826086,3.13,3216.0,1,1,0,1,1,1
2017-10-10,-2.78,16.67,,59.458333333333336,2.23,2635.0,1,1,0,1,1,1
2017-10-11,0.56,18.89,,49.791666666666664,1.34,2266.0,1,1,0,1,1,1
2017-10-12,0.0,13.89,,68.832,5.37,33365.0,1,1,0,1,1,0
2017-10-13,-5.56,9.44,,70.6958041958042,1.34,21087.0,1,1,0,1,1,0
2017-10-14,-5.0,11.11,,64.74912891986062,4.02,36155.0,1,1,0,1,1,0
2017-10-15,-2.78,16.11,,59.04545454545455,4.02,35832.0,1,1,0,1,1,0
2017-10-16,0.0,21.11,,58.609756097560975,3.58,34455.0,1,1,0,1,1,0
2017-10-17,1.67,25.56,,45.829861111111114,3.13,34116.0,1,1,0,1,1,0
2017-10-18,-2.22,18.33,,44.142857142857146,4.47,32738.0,1,1,0,1,1,0
2017-10-19,2.78,28.33,,45.09722222222222,2.23,31693.0,1,1,0,1,1,0
2017-10-20,6.11,26.67,,31.895833333333332,1.34,29323.0,1,1,0,1,1,0
2017-10-21,3.89,17.22,,63.888888888888886,8.05,28949.0,1,1,0,1,1,0
2017-10-22,-3.89,18.89,,67.07986111111111,3.13,18840.0,1,1,0,1,1,0
2017-10-23,0.0,12.78,,63.25,6.26,32318.0,1,1,0,1,1,0
2017-10-24,-3.33,19.44,,55.763888888888886,3.58,29003.0,1,1,0,1,1,0
2017-10-25,2.78,22.22,,49.31046931407942,3.58,16490.0,1,1,0,1,1,0
2017-10-26,-3.33,13.89,,72.30038022813689,6.26,20062.0,1,1,0,1,1,0
2017-10-27,-8.89,8.33,,68.44897959183673,0.9,23637.0,1,1,0,1,1,0
2017-10-28,-5.0,20.56,,65.3491124260355,2.23,14210.0,1,1,0,1,1,0
2017-10-29,-0.56,14.44,,57.489583333333336,9.39,3127.0,1,1,0,1,1,1
2017-10-30,-5.56,1.11,,73.54285714285714,5.37,1218.0,1,1,0,1,1,1
2017-10-31,-8.33,1.11,,73.5,0.675,934.0,1,1,0,1,1,1
2017-11-01,-3.89,0.56,,87.54166666666667,2.9050000000000002,529.0,1,1,0,1,1,1
2017-11-02,-5.0,-3.89,,86.20833333333333,2.68,659.0,1,1,0,1,1,1
2017-11-03,-5.56,-3.89,,89.79166666666667,5.37,633.0,1,1,0,1,1,1
2017-11-04,-12.22,-4.44,,88.5,4.02,1923.0,1,1,0,1,1,1
2017-11-05,-14.44,-10.56,,85.45833333333333,2.01,1541.0,1,1,0,1,1,1
2017-11-06,-19.44,-7.78,,83.54166666666667,0.9,1846.0,1,1,0,1,1,1
2017-11-07,-20.56,-6.11,,82.25,0.9,2094.0,1,1,0,1,1,1
2017-11-08,-16.67,-7.22,,84.875,1.12,1414.0,1,1,0,1,1,1
2017-11-09,-21.11,-8.89,,84.83333333333333,0.45,1366.0,1,1,0,1,1,1
2017-11-10,-9.44,3.33,,87.16666666666667,5.59,1686.0,1,1,0,1,1,1
2017-11-11,-11.11,3.89,,86.48398576512456,0.9,21942.0,1,1,0,1,1,0
2017-11-12,-11.67,2.22,,90.74475524475524,0.0,15194.0,1,1,0,1,1,0
2017-11-13,-7.78,9.44,,87.87152777777777,0.0,20488.0,1,1,0,1,1,0
2017-11-14,-8.33,5.56,,82.10069444444444,3.13,10753.0,1,1,0,1,1,0
2017-11-15,-8.89,-3.89,,83.30980392156863,5.37,14034.0,1,1,0,1,1,0
2017-11-16,-8.33,5.56,,80.59298245614035,5.37,10577.0,1,1,0,1,1,0
2017-11-17,-12.78,3.89,,80.67279411764706,1.34,15293.0,1,1,0,1,1,0
2017-11-18,-13.89,1.11,,79.38461538461539,2.68,15473.0,1,1,0,1,1,0
2017-11-19,-8.89,7.22,,80.06617647058823,2.23,10572.0,1,1,0,1,1,0
2017-11-20,-4.44,5.0,,62.954703832752614,6.26,9788.0,1,1,0,1,1,1
2017-11-21,-21.11,-4.44,,69.9087591240876,2.23,14256.0,1,1,0,1,1,0
2017-11-22,-11.67,10.56,,74.78467153284672,1.34,11539.0,1,1,0,1,1,0
2017-11-23,-0.56,20.0,,78.79513888888889,3.58,13898.0,1,1,0,1,1,0
2017-11-24,0.0,13.89,,79.55294117647058,4.47,14237.0,1,1,0,1,1,0
2017-11-25,-5.0,8.89,,77.29032258064517,3.13,13123.0,1,1,0,1,1,0
2017-11-26,-1.67,11.11,,67.1255060728745,1.79,12470.0,1,1,0,1,1,0
2017-11-27,1.67,8.33,,61.262443438914026,3.58,5184.0,1,1,0,1,1,1
2017-11-28,-8.33,7.78,,65.69658119658119,3.13,13421.0,1,1,0,1,1,0
2017-11-29,-0.56,6.11,,63.37219730941704,4.47,7178.0,1,1,0,1,1,1
2017-11-30,-5.0,6.67,,71.03125,3.355,4299.0,1,1,0,1,1,1
2017-12-01,-4.44,7.22,,66.91358024691358,2.23,3202.0,1,1,0,1,1,1
2017-12-02,-7.78,7.22,,72.0,2.455,186.0,1,1,0,1,1,1
2017-12-03,-5.0,0.56,,82.77272727272727,2.9050000000000002,372.0,1,1,0,1,1,1
2017-12-04,-14.44,0.0,,87.375,4.47,738.0,1,1,0,1,1,1
2017-12-05,-10.0,0.56,,86.25,5.81,483.0,1,1,0,1,1,1
2017-12-06,-11.11,-0.56,,86.25,4.47,763.0,1,1,0,1,1,1
2017-12-07,-8.33,3.33,,83.70833333333333,3.58,1127.0,1,1,0,1,1,1
2017-12-08,-5.0,7.22,,71.95833333333333,5.37,1135.0,1,1,0,1,1,1
2017-12-09,-9.44,9.44,,68.79166666666667,3.8,1297.0,1,1,0,1,1,1
2017-12-10,-3.89,6.67,,53.083333333333336,4.47,875.0,1,1,0,1,1,1
2017-12-11,-1.67,4.44,,68.91666666666667,6.7,1057.0,1,1,0,1,1,1
2017-12-12,-6.67,9.44,,66.625,4.47,1054.0,1,1,0,1,1,1
2017-12-13,-3.33,7.22,,76.429718875502,5.81,8608.0,1,1,0,1,1,1
2017-12-14,-4.44,2.78,,80.38848920863309,5.37,12333.0,1,1,0,1,1,0
2017-12-15,-8.33,7.78,,76.51228070175439,2.68,8301.0,1,1,0,1,1,1
2017-12-16,-7.22,3.33,,80.18909090909091,4.47,13953.0,1,1,0,1,1,0
2017-12-17,-11.67,0.0,,84.5361216730038,2.23,7286.0,1,1,0,1,1,1
2017-12-18,-3.89,1.11,,88.25090909090909,3.13,2635.0,1,1,0,1,1,1
2017-12-19,-8.89,-2.22,,86.17040358744394,2.68,4736.0,1,1,0,1,1,1
2017-12-20,-12.22,-6.11,,87.64824120603015,7.6,1585.0,1,1,0,1,1,1
2017-12-21,-22.78,-10.0,,85.32911392405063,0.9,10051.0,1,1,0,1,1,0
2017-12-22,-14.44,-8.33,,87.30281690140845,3.58,2917.0,1,1,0,1,1,1
2017-12-23,-17.22,-11.11,,83.82191780821918,4.47,1644.0,1,1,0,1,1,1
2017-12-24,-19.44,-13.33,,84.14814814814815,3.13,1204.0,1,1,0,1,1,1
2017-12-25,-32.78,-20.56,,78.20833333333333,2.23,1326.0,1,1,0,1,1,1
2017-12-26,-33.33,-25.0,,77.45833333333333,0.9,1329.0,1,1,0,1,1,1
2017-12-27,-31.67,-17.22,,80.0,0.675,794.0,1,1,0,1,1,1
2017-12-28,-28.89,-19.44,,80.0,1.34,911.0,1,1,0,1,1,1
2017-12-29,-26.67,-19.44,,79.375,1.34,422.0,1,1,0,1,1,1
2017-12-30,-30.56,-26.67,,77.45833333333333,1.565,548.0,1,1,0,1,1,1
2017-12-31,-35.0,-25.0,,76.75,0.9,1802.0,1,1,0,1,1,1
2018-01-01,-33.89,-20.0,,76.79166666666667,0.9,2198.0,1,1,0,1,1,1
2018-01-02,-32.22,-8.89,,80.54166666666667,1.7850000000000001,1831.0,1,1,0,1,1,1
2018-01-03,-12.22,-4.44,,86.91666666666667,1.7850000000000001,1289.0,1,1,0,1,1,1
2018-01-04,-12.22,-2.78,,84.06211180124224,1.79,12891.0,1,1,0,1,1,0
2018-01-05,-13.89,-9.44,,88.96797153024912,0.0,6605.0,1,1,0,1,1,1
2018-01-06,-12.78,3.33,,89.69097222222223,0.0,14828.0,1,1,0,1,1,0
2018-01-07,-5.56,2.22,,87.64808362369338,4.02,15408.0,1,1,0,1,1,0
2018-01-08,-10.56,0.56,,89.59027777777777,0.45,12223.0,1,1,0,1,1,0
2018-01-09,-6.67,0.56,,91.20774647887323,0.45,9632.0,1,1,0,1,1,1
2018-01-10,-21.67,-0.56,,86.12075471698114,5.81,9500.0,1,1,0,1,1,1
2018-01-11,-29.44,-21.67,,80.14035087719299,1.34,16171.0,1,1,0,1,1,0
2018-01-12,-31.11,-22.78,,79.38541666666667,0.9,16400.0,1,1,0,1,1,0
2018-01-13,-30.0,-13.33,,81.42013888888889,0.9,13489.0,1,1,0,1,1,0
2018-01-14,-17.78,-4.44,,86.79861111111111,4.47,11149.0,1,1,0,1,1,0
2018-01-15,-28.89,-17.78,,78.33680555555556,0.9,18340.0,1,1,0,1,1,0
2018-01-16,-27.22,-11.67,,79.61454545454545,0.9,16963.0,1,1,0,1,1,0
2018-01-17,-18.33,2.22,,83.30044843049328,2.68,15058.0,1,1,0,1,1,0
2018-01-18,-8.89,5.0,,84.61971830985915,2.23,9490.0,1,1,0,1,1,1
2018-01-19,-3.33,3.89,,82.08450704225352,4.02,6191.0,1,1,0,1,1,1
2018-01-20,-10.56,1.11,,83.49462365591398,3.58,4937.0,1,1,0,1,1,1
2018-01-21,-13.33,-0.56,,85.68181818181819,2.23,1534.0,1,1,0,1,1,1
2018-01-22,-12.78,0.56,,85.0,1.34,1241.0,1,1,0,1,1,1
2018-01-23,-12.22,-1.11,,83.33333333333333,2.68,1600.0,1,1,0,1,1,1
2018-01-24,-13.33,-3.33,,86.29166666666667,0.45,1256.0,1,1,0,1,1,1
2018-01-25,-8.89,1.11,,84.83333333333333,1.34,1479.0,1,1,0,1,1,1
2018-01-26,-8.89,0.0,,83.29166666666667,4.92,1690.0,1,1,0,1,1,1
2018-01-27,-16.67,-8.89,,82.625,4.47,1593.0,1,1,0,1,1,1
2018-01-28,-18.33,-10.0,,82.95833333333333,1.565,1322.0,1,1,0,1,1,1
2018-01-29,-19.44,-6.67,,86.58333333333333,2.0100000000000002,1500.0,1,1,0,1,1,1
2018-01-30,-8.33,2.78,,87.08333333333333,4.02,1894.0,1,1,0,1,1,1
2018-01-31,-18.89,-3.89,,83.16666666666667,4.695,1886.0,1,1,0,1,1,1
2018-02-01,-27.78,-17.22,,78.41666666666667,1.34,1730.0,1,1,0,1,1,1
2018-02-02,-19.44,-12.22,,82.79166666666667,1.34,1194.0,1,1,0,1,1,1
2018-02-03,-22.22,-13.33,,82.08695652173913,3.13,8374.0,1,1,0,1,1,1
2018-02-04,-32.78,-17.78,,78.84027777777777,1.79,26813.0,1,1,0,1,1,0
2018-02-05,-25.0,-15.0,,78.54861111111111,2.23,26648.0,1,1,0,1,1,0
2018-02-06,-26.11,-15.56,,80.60069444444444,0.45,21200.0,1,1,0,1,1,0
2018-02-07,-28.89,-11.67,,81.33333333333333,0.9,24534.0,1,1,0,1,1,0
2018-02-08,-18.33,-12.78,,82.5979020979021,3.13,15785.0,1,1,0,1,1,0
2018-02-09,-29.44,-18.33,,79.88153310104529,1.34,29536.0,1,1,0,1,1,0
2018-02-10,-28.33,-15.56,,79.46180555555556,1.79,27174.0,1,1,0,1,1,0
2018-02-11,-22.78,-13.33,,82.81090909090909,3.13,26163.0,1,1,0,1,1,0
2018-02-12,-33.89,-20.56,,78.96678966789668,0.9,22718.0,1,1,0,1,1,0
2018-02-13,-28.33,-2.22,,80.30685920577618,1.34,28213.0,1,1,0,1,1,0
2018-02-14,-6.67,-6.11,,83.6,4.02,56.0,1,1,0,1,1,1
2018-02-15,,,,,,0.0,0,0,0,0,0,1
2018-02-16,-10.56,-3.89,,73.76470588235294,2.68,9555.0,1,1,0,1,1,1
2018-02-17,-18.89,-10.56,,82.17361111111111,2.68,24681.0,1,1,0,1,1,0
2018-02-18,-18.89,-13.33,,83.66319444444444,3.13,31587.0,1,1,0,1,1,0
2018-02-19,-25.56,-13.89,,81.66319444444444,0.9,27817.0,1,1,0,1,1,0
2018-02-20,-28.89,-15.0,,79.54355400696865,0.9,36010.0,1,1,0,1,1,0
2018-02-21,-27.78,-15.56,,79.16433566433567,0.9,35884.0,1,1,0,1,1,0
2018-02-22,-26.11,-12.78,,79.17910447761194,0.9,33615.0,1,1,0,1,1,0
2018-02-23,-23.33,-14.44,,80.60227272727273,2.23,33243.0,1,1,0,1,1,0
2018-02-24,-23.33,-2.78,,80.9055944055944,2.23,33763.0,1,1,0,1,1,0
2018-02-25,-19.44,-2.78,,81.63888888888889,3.58,36971.0,1,1,0,1,1,0
2018-02-26,-12.78,-2.22,,82.51736111111111,4.02,39947.0,1,1,0,1,1,0
2018-02-27,-20.0,-3.89,,82.17708333333333,0.9,39837.0,1,1,0,1,1,0
2018-02-28,-15.56,-0.56,,77.70138888888889,3.58,40391.0,1,1,0,1,1,0
2018-03-01,-16.11,-3.33,,83.95620437956204,2.23,32689.0,1,1,0,1,1,0
2018-03-02,-9.44,-3.89,,85.76893939393939,8.49,30648.0,1,1,0,1,1,0
2018-03-03,-6.67,-4.44,,91.96,7.6,24073.0,1,1,0,1,1,0
2018-03-04,-6.67,-5.0,,92.04022988505747,3.13,10528.0,1,1,0,1,1,0
2018-03-05,-13.33,-7.22,,89.75531914893617,8.94,7135.0,1,1,0,1,1,1
2018-03-06,-16.11,-8.33,,88.93333333333334,6.26,3353.0,1,1,0,1,1,1
2018-03-07,-18.89,-7.22,,86.91666666666667,1.34,3738.0,1,1,0,1,1,1
2018-03-08,-15.0,-7.78,,86.66666666666667,3.13,3289.0,1,1,0,1,1,1
2018-03-09,-10.56,0.0,,89.33333333333333,3.5749999999999997,3559.0,1,1,0,1,1,1
2018-03-10,-10.0,-0.56,,87.91666666666667,7.6,3884.0,1,1,0,1,1,1
2018-03-11,-14.44,0.56,,83.125,1.12,4100.0,1,1,0,1,1,1
2018-03-12,-12.78,0.56,,81.91666666666667,2.23,4240.0,1,1,0,1,1,1
2018-03-13,-14.44,-0.56,,85.54166666666667,0.9,4365.0,1,1,0,1,1,1
2018-03-14,-9.44,3.89,,86.1324200913242,2.23,51741.0,1,1,0,1,1,0
2018-03-15,-7.22,-0.56,,84.53310104529616,9.84,37033.0,1,1,0,1,1,0
2018-03-16,-6.11,1.11,,89.70486111111111,2.68,22135.0,1,1,0,1,1,0
2018-03-17,-5.56,2.22,,87.48263888888889,1.34,40420.0,1,1,0,1,1,0
2018-03-18,-9.44,1.11,,88.31597222222223,0.9,31675.0,1,1,0,1,1,0
2018-03-19,-2.78,2.78,,88.07246376811594,1.34,30203.0,1,1,0,1,1,0
2018-03-20,-3.33,3.33,,85.8555133079848,0.9,33522.0,1,1,0,1,1,0
2018-03-21,-11.67,2.78,,86.07142857142857,0.9,45430.0,1,1,0,1,1,0
2018-03-22,-7.22,2.78,,88.63730569948187,3.13,25186.0,1,1,0,1,1,0
2018-03-23,-2.78,2.78,,91.90265486725664,10.73,12140.0,1,1,0,1,1,0
2018-03-24,-5.56,1.67,,92.07692307692308,2.23,3898.0,1,1,0,1,1,1
2018-03-25,-7.22,2.78,,86.16666666666667,4.47,5256.0,1,1,0,1,1,1
2018-03-26,-8.89,6.11,,85.54166666666667,2.01,5149.0,1,1,0,1,1,1
2018-03-27,-7.78,6.11,,82.95833333333333,3.5749999999999997,3617.0,1,1,0,1,1,1
2018-03-28,-6.67,2.78,,82.54166666666667,5.145,4048.0,1,1,0,1,1,1
2018-03-29,-5.56,3.89,,84.66666666666667,2.23,3941.0,1,1,0,1,1,1
2018-03-30,-15.0,-7.22,,85.95833333333333,5.81,3335.0,1,1,0,1,1,1
2018-03-31,-20.0,-10.56,,80.84,5.37,5422.0,1,1,0,1,1,1
2018-04-01,-23.89,-6.11,,77.72,1.79,4846.0,1,1,0,1,1,1
2018-04-02,-14.44,-7.78,,78.91666666666667,4.02,4100.0,1,1,0,1,1,1
2018-04-03,-17.78,-3.33,,78.96,1.34,5682.0,1,1,0,1,1,1
2018-04-04,-15.56,0.0,,79.96,0.9,5562.0,1,1,0,1,1,1
2018-04-05,-11.67,0.0,,78.28,3.58,5680.0,1,1,0,1,1,1
2018-04-06,-22.78,-8.89,,71.48,1.79,5977.0,1,1,0,1,1,1
2018-04-07,-18.33,-2.78,,74.44,3.58,5229.0,1,1,0,1,1,1
2018-04-08,-8.89,-5.0,,85.04,7.15,4613.0,1,1,0,1,1,1
2018-04-09,-7.78,5.0,,81.12,2.23,4948.0,1,1,0,1,1,1
2018-04-10,-8.89,6.67,,81.0,1.34,5431.0,1,1,0,1,1,1
2018-04-11,1.67,3.89,,82.0,2.015,181.0,1,1,0,1,1,1
2018-04-12,,,,,,0.0,0,0,0,0,0,1
2018-04-13,,,,,,0.0,0,0,0,0,0,1
2018-04-14,,,,,,0.0,0,0,0,0,0,1
2018-04-15,,,,,,0.0,0,0,0,0,0,1
2018-04-16,,,,,,0.0,0,0,0,0,0,1
2018-04-17,,,,,,0.0,0,0,0,0,0,1
2018-04-18,,,,,,0.0,0,0,0,0,0,1
2018-04-19,,,,,,0.0,0,0,0,0,0,1
2018-04-20,,,,,,0.0,0,0,0,0,0,1
2018-04-21,,,,,,0.0,0,0,0,0,0,1
2018-04-22,,,,,,0.0,0,0,0,0,0,1
2018-04-23,,,,,,0.0,0,0,0,0,0,1
2018-04-24,,,,,,0.0,0,0,0,0,0,1
2018-04-25,1.67,16.11,,38.46341463414634,6.26,12926.0,1,1,0,1,1,0
2018-04-26,0.0,22.78,,53.946996466431095,3.58,75714.0,1,1,0,1,1,0
2018-04-27,2.78,21.11,,40.18374558303887,3.58,74203.0,1,1,0,1,1,0
2018-04-28,2.78,25.56,,40.80555555555556,5.145,77519.0,1,1,0,1,1,0
2018-04-29,6.11,26.11,,50.91289198606272,4.02,46005.0,1,1,0,1,1,0
2018-04-30,2.78,21.67,,81.07392996108949,4.47,14808.0,1,1,0,1,1,0
2018-05-01,-1.11,15.56,,80.41287878787878,0.9,38095.0,1,1,0,1,1,0
2018-05-02,2.78,18.89,,70.74131274131274,2.68,57275.0,1,1,0,1,1,0
2018-05-03,5.0,22.22,,54.490566037735846,3.13,43029.0,1,1,0,1,1,0
2018-05-04,6.11,26.67,,43.851612903225806,2.68,42825.0,1,1,0,1,1,0
2018-05-05,8.89,25.56,,47.37847222222222,2.68,62342.0,1,1,0,1,1,0
2018-05-06,6.67,26.67,,45.704861111111114,1.34,74229.0,1,1,0,1,1,0
2018-05-07,9.44,25.56,,58.70383275261324,2.23,20153.0,1,1,0,1,1,0
2018-05-08,8.33,21.67,,60.43554006968641,2.68,52267.0,1,1,0,1,1,0
2018-05-09,6.67,19.44,,75.08391608391608,3.58,71890.0,1,1,0,1,1,0
2018-05-10,4.44,14.44,,49.96875,7.15,26945.0,1,1,0,1,1,0
2018-05-11,2.78,8.33,,83.39930555555556,5.37,23062.0,1,1,0,1,1,0
2018-05-12,6.11,16.67,,66.17361111111111,0.9,53364.0,1,1,0,1,1,0
2018-05-13,2.22,25.56,,61.489583333333336,2.23,82705.0,1,1,0,1,1,0
2018-05-14,9.44,25.56,,42.707142857142856,2.68,75709.0,1,1,0,1,1,0
2018-05-15,7.22,30.56,,43.75757575757576,2.68,75499.0,1,1,0,1,1,0
2018-05-16,9.44,30.56,,42.708333333333336,2.68,74084.0,1,1,0,1,1,0
2018-05-17,10.0,28.33,,50.82905982905983,6.26,47048.0,1,1,0,1,1,0
2018-05-18,4.44,16.67,,84.74820143884892,8.94,8970.0,1,1,0,1,1,1
2018-05-19,2.78,16.67,,69.4225352112676,2.23,8324.0,1,1,0,1,1,1
2018-05-20,5.0,11.11,,64.22222222222223,3.13,0.0,1,1,0,1,1,1
2018-05-21,,,,,,0.0,0,0,0,0,0,1
2018-05-22,,,,,,0.0,0,0,0,0,0,1
2018-05-23,,,,,,0.0,0,0,0,0,0,1
2018-05-24,,,,,,0.0,0,0,0,0,0,1
2018-05-25,21.67,28.33,,45.65686274509804,4.92,56937.0,1,1,0,1,1,0
2018-05-26,12.78,29.44,,54.282229965156795,0.9,72547.0,1,1,0,1,1,0
2018-05-27,14.44,27.78,,59.451388888888886,3.8,78689.0,1,1,0,1,1,0
2018-05-28,12.22,26.67,,45.80836236933798,4.47,81391.0,1,1,0,1,1,0
2018-05-29,13.33,28.89,,65.26041666666667,1.79,73679.0,1,1,0,1,1,0
2018-05-30,11.67,27.22,,62.80555555555556,2.68,70476.0,1,1,0,1,1,0
2018-05-31,10.56,25.56,,74.37847222222223,5.37,47074.0,1,1,0,1,1,0
2018-06-01,11.11,18.33,,79.20727272727272,6.26,30242.0,1,1,0,1,1,0
2018-06-02,6.11,22.78,,64.93560606060606,9.39,82585.0,1,1,0,1,1,0
2018-06-03,6.11,27.78,,49.333333333333336,2.23,78014.0,1,1,0,1,1,0
2018-06-04,11.67,30.56,,49.845588235294116,1.34,79845.0,1,1,0,1,1,0
2018-06-05,12.22,28.33,,76.91319444444444,2.455,29171.0,1,1,0,1,1,0
2018-06-06,8.33,25.0,,70.10069444444444,2.23,82838.0,1,1,0,1,1,0
2018-06-07,12.78,27.22,,63.954861111111114,2.68,74061.0,1,1,0,1,1,0
2018-06-08,11.67,29.44,,72.35540069686411,2.68,83756.0,1,1,0,1,1,0
2018-06-09,13.33,30.56,,65.31944444444444,2.68,83826.0,1,1,0,1,1,0
2018-06-10,16.11,30.0,,58.55902777777778,5.81,65171.0,1,1,0,1,1,0
2018-06-11,2.22,22.22,,42.479166666666664,5.37,83184.0,1,1,0,1,1,0
2018-06-12,6.11,23.89,,40.86690647482014,5.81,82300.0,1,1,0,1,1,0
2018-06-13,5.56,30.56,,40.66923076923077,2.68,78928.0,1,1,0,1,1,0
2018-06-14,13.89,28.33,,57.420138888888886,2.68,44619.0,1,1,0,1,1,0
2018-06-15,5.56,20.0,,69.72473867595819,2.68,60599.0,1,1,0,1,1,0
2018-06-16,8.89,18.89,,75.76736111111111,2.23,26645.0,1,1,0,1,1,0
2018-06-17,7.78,22.22,,72.78819444444444,2.23,67896.0,1,1,0,1,1,0
2018-06-18,12.22,22.78,,61.516129032258064,2.68,58520.0,1,1,0,1,1,0
2018-06-19,11.67,21.67,,68.31178707224335,2.23,50962.0,1,1,0,1,1,0
2018-06-20,11.11,25.0,,60.78409090909091,0.9,61003.0,1,1,0,1,1,0
2018-06-21,12.22,27.22,,62.51293103448276,0.9,53921.0,1,1,0,1,1,0
2018-06-22,15.0,26.11,,71.2720588235294,2.23,17818.0,1,1,0,1,1,0
2018-06-23,12.78,26.67,,79.77173913043478,2.68,16525.0,1,1,0,1,1,0
2018-06-24,14.44,24.44,,81.59859154929578,0.9,51454.0,1,1,0,1,1,0
2018-06-25,12.78,26.67,,76.09756097560975,2.23,87251.0,1,1,0,1,1,0
2018-06-26,15.0,27.22,,64.06083650190114,3.13,71305.0,1,1,0,1,1,0
2018-06-27,5.56,26.11,,48.677083333333336,2.68,78061.0,1,1,0,1,1,0
2018-06-28,10.0,29.44,,46.979166666666664,1.34,71337.0,1,1,0,1,1,0
2018-06-29,11.67,22.78,,80.51957295373666,2.23,20841.0,1,1,0,1,1,0
2018-06-30,11.67,26.11,,71.90494296577947,1.34,59344.0,1,1,0,1,1,0
2018-07-01,11.11,24.44,,68.98785425101215,2.68,46799.0,1,1,0,1,1,0
2018-07-02,7.22,25.56,,64.78676470588235,2.23,74574.0,1,1,0,1,1,0
2018-07-03,11.11,25.0,,57.416666666666664,2.23,77667.0,1,1,0,1,1,0
2018-07-04,6.11,23.33,,72.46527777777777,5.37,75666.0,1,1,0,1,1,0
2018-07-05,8.33,25.56,,65.37412587412588,2.68,78265.0,1,1,0,1,1,0
2018-07-06,14.44,34.44,,65.85283018867925,3.58,74391.0,1,1,0,1,1,0
2018-07-07,17.22,34.44,,43.39080459770115,3.58,76599.0,1,1,0,1,1,0
2018-07-08,15.56,32.78,,44.509803921568626,2.23,71045.0,1,1,0,1,1,0
2018-07-09,15.0,33.33,,56.968586387434556,4.47,40412.0,1,1,0,1,1,0
2018-07-10,16.11,33.33,,70.4695652173913,4.02,19978.0,1,1,0,1,1,0
2018-07-11,14.44,28.89,,73.67132867132867,4.02,82519.0,1,1,0,1,1,0
2018-07-12,11.11,31.67,,57.22648083623693,1.34,74280.0,1,1,0,1,1,0
2018-07-13,14.44,34.44,,56.24295774647887,1.34,75344.0,1,1,0,1,1,0
2018-07-14,17.22,31.67,,59.56944444444444,3.13,72728.0,1,1,0,1,1,0
2018-07-15,6.11,28.33,,52.24264705882353,1.34,78178.0,1,1,0,1,1,0
2018-07-16,13.33,30.56,,47.140151515151516,2.23,75193.0,1,1,0,1,1,0
2018-07-17,11.67,34.44,,55.20384615384615,2.68,67115.0,1,1,0,1,1,0
2018-07-18,15.56,32.78,,51.734299516908216,2.23,37339.0,1,1,0,1,1,0
2018-07-19,15.0,27.78,,62.422764227642276,2.68,27954.0,1,1,0,1,1,0
2018-07-20,11.11,26.67,,66.75510204081633,2.68,510.0,1,1,0,1,1,1
2018-07-21,,,,,,0.0,0,0,0,0,0,1
2018-07-22,,,,,,0.0,0,0,0,0,0,1
2018-07-23,,,,,,0.0,0,0,0,0,0,1
2018-07-24,,,,,,0.0,0,0,0,0,0,1
2018-07-25,,,,,,0.0,0,0,0,0,0,1
2018-07-26,,,,,,0.0,0,0,0,0,0,1
2018-07-27,,,,,,0.0,0,0,0,0,0,1
2018-07-28,10.56,25.56,,56.46078431372549,0.9,39451.0,1,1,0,1,1,0
2018-07-29,12.22,29.44,,49.86695278969957,1.34,58581.0,1,1,0,1,1,0
2018-07-30,11.11,34.44,,42.388888888888886,0.45,56297.0,1,1,0,1,1,0
2018-07-31,14.44,32.22,,52.170138888888886,3.13,64411.0,1,1,0,1,1,0
2018-08-01,10.0,29.44,,59.888888888888886,2.68,73368.0,1,1,0,1,1,0
2018-08-02,13.89,35.56,,51.670138888888886,2.68,77428.0,1,1,0,1,1,0
2018-08-03,12.22,32.78,,42.50909090909091,2.68,66556.0,1,1,0,1,1,0
2018-08-04,11.67,30.56,,43.43181818181818,3.58,58209.0,1,1,0,1,1,0
2018-08-05,11.11,26.67,,70.08076923076923,2.68,54058.0,1,1,0,1,1,0
2018-08-06,10.0,30.56,,71.39269406392694,0.9,48827.0,1,1,0,1,1,0
2018-08-07,13.33,35.0,,43.764227642276424,0.9,23369.0,1,1,0,1,1,0
2018-08-08,14.44,33.33,,41.297872340425535,1.34,911.0,1,1,0,1,1,1
2018-08-09,17.22,17.22,,51.0,3.13,0.0,1,1,0,1,1,1
2018-08-10,,,,,,0.0,0,0,0,0,0,1
2018-08-11,,,,,,0.0,0,0,0,0,0,1
2018-08-12,,,,,,0.0,0,0,0,0,0,1
2018-08-13,,,,,,0.0,0,0,0,0,0,1
2018-08-14,,,,,,0.0,0,0,0,0,0,1
2018-08-15,12.78,32.78,,48.675182481751825,0.9,62226.0,1,1,0,1,1,0
2018-08-16,16.11,33.89,,34.38732394366197,1.34,62067.0,1,1,0,1,1,0
2018-08-17,17.22,38.33,,33.74825174825175,2.68,62393.0,1,1,0,1,1,0
2018-08-18,17.78,36.11,,38.69686411149826,1.34,16572.0,1,1,0,1,1,0
2018-08-19,7.22,26.11,,51.017361111111114,1.79,52889.0,1,1,0,1,1,0
2018-08-20,10.56,20.56,,41.65567765567766,1.34,15724.0,1,1,0,1,1,0
2018-08-21,5.56,24.44,,51.01136363636363,2.23,60682.0,1,1,0,1,1,0
2018-08-22,7.22,28.89,,55.203125,1.34,57670.0,1,1,0,1,1,0
2018-08-23,11.67,30.0,,59.42783505154639,0.675,24206.0,1,1,0,1,1,0
2018-08-24,11.11,31.11,,47.93103448275862,1.34,16051.0,1,1,0,1,1,0
2018-08-25,6.67,26.11,,63.142857142857146,3.13,577.0,1,1,0,1,1,1
2018-08-26,,,,,,0.0,0,0,0,0,0,1
2018-08-27,,,,,,0.0,0,0,0,0,0,1
2018-08-28,,,,,,0.0,0,0,0,0,0,1
2018-08-29,,,,,,0.0,0,0,0,0,0,1
2018-08-30,,,,,,0.0,0,0,0,0,0,1
2018-08-31,8.89,23.89,,54.44705882352941,2.68,62170.0,1,1,0,1,1,0
2018-09-01,7.22,25.56,,51.25694444444444,2.23,42923.0,1,1,0,1,1,0
2018-09-02,3.89,24.44,,56.21527777777778,3.13,57736.0,1,1,0,1,1,0
2018-09-03,7.78,31.67,,40.979166666666664,1.34,63324.0,1,1,0,1,1,0
2018-09-04,5.0,26.67,,61.77372262773723,3.58,45180.0,1,1,0,1,1,0
2018-09-05,2.78,21.67,,50.36641221374046,2.23,57766.0,1,1,0,1,1,0
2018-09-06,8.89,26.11,,46.7421875,3.58,52807.0,1,1,0,1,1,0
2018-09-07,8.89,27.78,,61.51794871794872,4.47,26198.0,1,1,0,1,1,0
2018-09-08,11.67,31.11,,65.70338983050847,2.9050000000000002,9517.0,1,1,0,1,1,1
2018-09-09,11.67,28.89,,55.4390243902439,2.23,220.0,1,1,0,1,1,1
2018-09-10,,,,,,0.0,0,0,0,0,0,1
2018-09-11,,,,,,0.0,0,0,0,0,0,1
2018-09-12,16.11,17.22,,48.25,3.13,4744.0,1,1,0,1,1,1
2018-09-13,5.56,16.67,,67.75135135135135,1.79,24867.0,1,1,0,1,1,0
2018-09-14,5.56,15.56,,78.77777777777777,2.23,42147.0,1,1,0,1,1,0
2018-09-15,5.56,16.11,,80.97916666666667,6.7,20897.0,1,1,0,1,1,0
2018-09-16,9.44,18.89,,84.17361111111111,3.13,42314.0,1,1,0,1,1,0
2018-09-17,7.78,17.78,,85.03819444444444,1.79,25406.0,1,1,0,1,1,0
2018-09-18,3.89,13.89,,84.40625,4.02,31100.0,1,1,0,1,1,0
2018-09-19,3.89,10.0,,89.61458333333333,5.37,8096.0,1,1,0,1,1,1
2018-09-20,2.78,6.11,,92.01736111111111,4.47,9284.0,1,1,0,1,1,1
2018-09-21,-1.67,13.89,,89.86111111111111,1.79,29575.0,1,1,0,1,1,0
2018-09-22,4.44,13.33,,81.28472222222223,3.58,27524.0,1,1,0,1,1,0
2018-09-23,1.11,5.56,,93.15658362989323,4.47,8575.0,1,1,0,1,1,1
2018-09-24,3.89,8.89,,93.54545454545455,1.34,1074.0,1,1,0,1,1,1
2018-09-25,4.44,13.89,,82.54166666666667,5.37,2183.0,1,1,0,1,1,1
2018-09-26,1.11,19.44,,72.94425087108014,3.13,589.0,1,1,0,1,1,1
2018-09-27,3.33,13.89,,79.60909090909091,3.13,169.0,1,1,0,1,1,1
